Variables="x""dx"
Zone t="         0"
i=  65
 -2.000000000000000e+00   8.002645121730267e-01
 -1.199735487826973e+00   3.455849359249512e-01
 -8.541505519020220e-01   1.933366569876983e-01
 -6.608138949143237e-01   1.239831103953464e-01
 -5.368307845189774e-01   8.659430533756474e-02
 -4.502364791814126e-01   6.414694967772711e-02
 -3.860895295036855e-01   4.961934483875935e-02
 -3.364701846649262e-01   3.968145215265517e-02
 -2.967887325122710e-01   3.258745101436050e-02
 -2.642012814979105e-01   2.734993792969925e-02
 -2.368513435682112e-01   2.337619312286215e-02
 -2.134751504453491e-01   2.029290617789731e-02
 -1.931822442674518e-01   1.785545738106420e-02
 -1.753267868863876e-01   1.589814226538855e-02
 -1.594286446209990e-01   1.430550063998437e-02
 -1.451231439810147e-01   1.299510816134314e-02
 -1.321280358196715e-01   1.190687658576689e-02
 -1.202211592339046e-01   1.099619405603114e-02
 -1.092249651778735e-01   1.022940781720028e-02
 -9.899555736067323e-02   9.580778395477663e-03
 -8.941477896519556e-02   9.030382542159709e-03
 -8.038439642303585e-02   8.562642387863084e-03
 -7.182175403517277e-02   8.165276749812045e-03
 -6.365647728536072e-02   7.828542595056720e-03
 -5.582793469030400e-02   7.544679557248579e-03
 -4.828325513305542e-02   7.307499000290485e-03
 -4.097575613276494e-02   7.112077713074094e-03
 -3.386367841969085e-02   6.954528642032387e-03
 -2.690914977765846e-02   6.831829391412136e-03
 -2.007732038624632e-02   6.741694953066757e-03
 -1.333562543317957e-02   6.682485160379614e-03
 -6.653140272799951e-03   6.653140272801172e-03
  1.221245327087672e-15   6.653140272800395e-03
  6.653140272801616e-03   6.682485160380169e-03
  1.333562543318179e-02   6.741694953066535e-03
  2.007732038624832e-02   6.831829391412247e-03
  2.690914977766057e-02   6.954528642032276e-03
  3.386367841969284e-02   7.112077713073983e-03
  4.097575613276683e-02   7.307499000290374e-03
  4.828325513305720e-02   7.544679557248690e-03
  5.582793469030589e-02   7.828542595056831e-03
  6.365647728536272e-02   8.165276749812156e-03
  7.182175403517488e-02   8.562642387862862e-03
  8.038439642303774e-02   9.030382542159598e-03
  8.941477896519734e-02   9.580778395478218e-03
  9.899555736067556e-02   1.022940781720005e-02
  1.092249651778756e-01   1.099619405603125e-02
  1.202211592339069e-01   1.190687658576617e-02
  1.321280358196730e-01   1.299510816134375e-02
  1.451231439810168e-01   1.430550063998415e-02
  1.594286446210009e-01   1.589814226538833e-02
  1.753267868863893e-01   1.785545738106453e-02
  1.931822442674538e-01   2.029290617789736e-02
  2.134751504453511e-01   2.337619312286199e-02
  2.368513435682131e-01   2.734993792969931e-02
  2.642012814979124e-01   3.258745101436022e-02
  2.967887325122727e-01   3.968145215265517e-02
  3.364701846649278e-01   4.961934483875918e-02
  3.860895295036870e-01   6.414694967772716e-02
  4.502364791814142e-01   8.659430533756396e-02
  5.368307845189781e-01   1.239831103953468e-01
  6.608138949143250e-01   1.933366569876982e-01
  8.541505519020232e-01   3.455849359249503e-01
  1.199735487826973e+00   8.002645121730265e-01
  2.000000000000000e+00   0.000000000000000e+00
Zone t="         0"
i=  65
 -2.000000000000000e+00   8.002645121730267e-01
 -1.199735487826973e+00   3.455849359249512e-01
 -8.541505519020220e-01   1.933366569876983e-01
 -6.608138949143237e-01   1.239831103953464e-01
 -5.368307845189774e-01   8.659430533756474e-02
 -4.502364791814126e-01   6.414694967772711e-02
 -3.860895295036855e-01   4.961934483875935e-02
 -3.364701846649262e-01   3.968145215265517e-02
 -2.967887325122710e-01   3.258745101436050e-02
 -2.642012814979105e-01   2.734993792969925e-02
 -2.368513435682112e-01   2.337619312286215e-02
 -2.134751504453491e-01   2.029290617789731e-02
 -1.931822442674518e-01   1.785545738106420e-02
 -1.753267868863876e-01   1.589814226538855e-02
 -1.594286446209990e-01   1.430550063998437e-02
 -1.451231439810147e-01   1.299510816134314e-02
 -1.321280358196715e-01   1.190687658576689e-02
 -1.202211592339046e-01   1.099619405603114e-02
 -1.092249651778735e-01   1.022940781720028e-02
 -9.899555736067323e-02   9.580778395477663e-03
 -8.941477896519556e-02   9.030382542159709e-03
 -8.038439642303585e-02   8.562642387863084e-03
 -7.182175403517277e-02   8.165276749812045e-03
 -6.365647728536072e-02   7.828542595056720e-03
 -5.582793469030400e-02   7.544679557248579e-03
 -4.828325513305542e-02   7.307499000290485e-03
 -4.097575613276494e-02   7.112077713074094e-03
 -3.386367841969085e-02   6.954528642032387e-03
 -2.690914977765846e-02   6.831829391412136e-03
 -2.007732038624632e-02   6.741694953066757e-03
 -1.333562543317957e-02   6.682485160379614e-03
 -6.653140272799951e-03   6.653140272801172e-03
  1.221245327087672e-15   6.653140272800395e-03
  6.653140272801616e-03   6.682485160380169e-03
  1.333562543318179e-02   6.741694953066535e-03
  2.007732038624832e-02   6.831829391412247e-03
  2.690914977766057e-02   6.954528642032276e-03
  3.386367841969284e-02   7.112077713073983e-03
  4.097575613276683e-02   7.307499000290374e-03
  4.828325513305720e-02   7.544679557248690e-03
  5.582793469030589e-02   7.828542595056831e-03
  6.365647728536272e-02   8.165276749812156e-03
  7.182175403517488e-02   8.562642387862862e-03
  8.038439642303774e-02   9.030382542159598e-03
  8.941477896519734e-02   9.580778395478218e-03
  9.899555736067556e-02   1.022940781720005e-02
  1.092249651778756e-01   1.099619405603125e-02
  1.202211592339069e-01   1.190687658576617e-02
  1.321280358196730e-01   1.299510816134375e-02
  1.451231439810168e-01   1.430550063998415e-02
  1.594286446210009e-01   1.589814226538833e-02
  1.753267868863893e-01   1.785545738106453e-02
  1.931822442674538e-01   2.029290617789736e-02
  2.134751504453511e-01   2.337619312286199e-02
  2.368513435682131e-01   2.734993792969931e-02
  2.642012814979124e-01   3.258745101436022e-02
  2.967887325122727e-01   3.968145215265517e-02
  3.364701846649278e-01   4.961934483875918e-02
  3.860895295036870e-01   6.414694967772716e-02
  4.502364791814142e-01   8.659430533756396e-02
  5.368307845189781e-01   1.239831103953468e-01
  6.608138949143250e-01   1.933366569876982e-01
  8.541505519020232e-01   3.455849359249503e-01
  1.199735487826973e+00   8.002645121730265e-01
  2.000000000000000e+00   0.000000000000000e+00
Zone t="         1"
i=  65
 -2.000000000000000e+00   6.657642236821064e-01
 -1.334235776317894e+00   2.875026438140447e-01
 -1.046733132503849e+00   1.608427331177757e-01
 -8.858903993860732e-01   1.099311188499789e-01
 -7.759592805360943e-01   7.204056850948037e-02
 -7.039187120266139e-01   5.336593991539096e-02
 -6.505527721112230e-01   4.127998962170965e-02
 -6.092727824895133e-01   3.301235855935813e-02
 -5.762604239301552e-01   2.711064619237691e-02
 -5.491497777377783e-01   2.275340193185438e-02
 -5.263963758059239e-01   1.944752441470288e-02
 -5.069488513912210e-01   1.688244550657803e-02
 -4.900664058846430e-01   1.485465872902858e-02
 -4.752117471556144e-01   1.322630956484483e-02
 -4.619854375907696e-01   1.190134321742198e-02
 -4.500840943733476e-01   1.081118840266665e-02
 -4.392729059706810e-01   9.905855907997474e-03
 -4.293670500626835e-01   9.148231791033523e-03
 -4.202188182716500e-01   8.510319315363168e-03
 -4.117084989562868e-01   7.970705040550086e-03
 -4.037377939157367e-01   7.512814218298525e-03
 -3.962249796974382e-01   7.123687151735170e-03
 -3.891012925457030e-01   6.793106756471157e-03
 -3.823081857892319e-01   6.512967511105749e-03
 -3.757952182781261e-01   6.276813334061604e-03
 -3.695184049440645e-01   6.079495713311678e-03
 -3.634389092307528e-01   5.916918881838096e-03
 -3.575219903489147e-01   5.785849083165928e-03
 -3.517361412657488e-01   5.683771895597656e-03
 -3.460523693701512e-01   2.904607236239909e-02
 -3.170062970077521e-01   9.181787173885192e-02
 -2.251884252689001e-01   1.940841427441381e-01
 -3.110428252476205e-02   1.940841427441378e-01
  1.629798602193757e-01   9.977811156251082e-02
  2.627579717818865e-01   3.691969201816714e-02
  2.996776638000537e-01   5.683771895597656e-03
  3.053614356956513e-01   5.785849083165928e-03
  3.111472847788173e-01   5.916918881837541e-03
  3.170642036606548e-01   6.079495713311678e-03
  3.231436993739665e-01   6.276813334061604e-03
  3.294205127080281e-01   6.512967511105305e-03
  3.359334802191334e-01   6.793106756471490e-03
  3.427265869756049e-01   7.123687151735281e-03
  3.498502741273402e-01   7.512814218298747e-03
  3.573630883456389e-01   7.970705040549975e-03
  3.653337933861889e-01   8.510319315363279e-03
  3.738441127015522e-01   9.148231791033856e-03
  3.829923444925860e-01   9.905855907996752e-03
  3.928982004005828e-01   1.081118840266648e-02
  4.037093888032492e-01   1.190134321742198e-02
  4.156107320206712e-01   1.322630956484461e-02
  4.288370415855158e-01   1.485465872902880e-02
  4.436917003145446e-01   1.688244550657769e-02
  4.605741458211223e-01   1.944752441470277e-02
  4.800216702358251e-01   2.275340193185493e-02
  5.027750721676800e-01   2.711064619237691e-02
  5.298857183600569e-01   3.301235855935802e-02
  5.628980769194150e-01   4.127998962170909e-02
  6.041780665411240e-01   5.336593991539162e-02
  6.575440064565157e-01   7.204056850947982e-02
  7.295845749659955e-01   1.075109641333865e-01
  8.370955390993819e-01   1.608427331177756e-01
  9.979382722171576e-01   2.875026438140439e-01
  1.285440916031201e+00   7.145590839687985e-01
  2.000000000000000e+00   0.000000000000000e+00
Zone t="         2"
i=  65
 -2.000000000000000e+00   4.374074379591435e-01
 -1.562592562040857e+00   1.888895799858266e-01
 -1.373702982055030e+00   1.056740186583791e-01
 -1.268028963396651e+00   7.222508808443662e-02
 -1.195803875312214e+00   4.733099651072714e-02
 -1.148472878801487e+00   3.506176552441276e-02
 -1.113411113277074e+00   2.712129618146331e-02
 -1.086289817095611e+00   2.168946257349891e-02
 -1.064600354522112e+00   1.781203754839034e-02
 -1.046788316973722e+00   1.494932806922900e-02
 -1.031838988904493e+00   1.277736654046002e-02
 -1.019061622364033e+00   1.109210969782159e-02
 -1.007969512666211e+00   9.759853784971351e-03
 -9.982096588812398e-01   8.690028384103710e-03
 -9.895196304971361e-01   7.819525493845014e-03
 -9.817001050032911e-01   7.103293780551856e-03
 -9.745968112227392e-01   6.508490331554984e-03
 -9.680883208911842e-01   6.010731286708815e-03
 -9.620775896044754e-01   5.591622790193096e-03
 -9.564859668142823e-01   5.237096211640924e-03
 -9.512488706026414e-01   4.936261941422160e-03
 -9.463126086612192e-01   4.680605458690867e-03
 -9.416320032025284e-01   4.463414139000643e-03
 -9.371685890635277e-01   4.279362654797447e-03
 -9.328892264087303e-01   4.124209360478748e-03
 -9.287650170482515e-01   3.994571683645143e-03
 -9.247704453646064e-01   3.887758705366839e-03
 -9.208826866592396e-01   3.801645847640200e-03
 -9.170810408115994e-01   3.734581135408033e-03
 -9.133464596761913e-01   1.908361254209590e-02
 -8.942628471340954e-01   6.032468473242514e-02
 -8.339381624016703e-01   2.597782897303557e-01
 -5.741598726713146e-01   2.597782897303560e-01
 -3.143815829409586e-01   1.861569234185476e-01
 -1.282246595224110e-01   2.425658065593606e-02
 -1.039680788664750e-01   1.362217194112314e-02
 -9.034590692535183e-02   3.801645847639312e-03
 -8.654426107771251e-02   1.564245280715970e-02
 -7.090180827055281e-02   2.234096341441050e-02
 -4.856084485614232e-02   2.836402692759621e-02
 -2.019681792854611e-02   3.372151331647810e-02
  1.352469538793200e-02   3.840952878448123e-02
  5.193422417241322e-02   4.244142964543096e-02
  9.437565381784419e-02   4.581837379373277e-02
  1.401940276115770e-01   4.855020928394205e-02
  1.887442368955190e-01   5.064868584093341e-02
  2.393929227364524e-01   5.213041018754794e-02
  2.915233329240003e-01   5.300490443430084e-02
  3.445282373583012e-01   5.329099943574733e-02
  3.978192367940485e-01   5.301906577202753e-02
  4.508383025660760e-01   5.221853800297760e-02
  5.030568405690536e-01   5.092901675108652e-02
  5.539858573201402e-01   4.919157143118902e-02
  6.031774287513292e-01   4.706229467820933e-02
  6.502397234295385e-01   4.461421960988932e-02
  6.948539430394278e-01   4.193576259560783e-02
  7.367897056350357e-01   3.918197563660053e-02
  7.759716812716362e-01   3.674664331581035e-02
  8.127183245874465e-01   3.586811745414697e-02
  8.485864420415935e-01   4.733099651072814e-02
  8.959174385523216e-01   1.149427584196632e-01
  1.010860196971985e+00   1.100369574982019e-01
  1.120897154470187e+00   2.324080872960828e-01
  1.353305241766269e+00   6.466947582337306e-01
  2.000000000000000e+00   0.000000000000000e+00
Zone t="         3"
i=  65
 -2.000000000000000e+00   4.013851369455259e-01
 -1.598614863054474e+00   1.733337932030992e-01
 -1.425281069851375e+00   9.697139117788067e-02
 -1.328309678673494e+00   6.627712386710449e-02
 -1.262032554806390e+00   4.343316777908468e-02
 -1.218599387027305e+00   3.217436072218582e-02
 -1.186425026305119e+00   2.488782317364491e-02
 -1.161537203131474e+00   1.990332442018228e-02
 -1.141633878711292e+00   1.634522201881961e-02
 -1.125288656692472e+00   1.371826897491735e-02
 -1.111570387717555e+00   1.172517781747651e-02
 -1.099845209900079e+00   1.017870912243368e-02
 -1.089666500777645e+00   8.956170212708781e-03
 -1.080710330564936e+00   7.974449533850514e-03
 -1.072735881031086e+00   7.175636299767696e-03
 -1.065560244731318e+00   6.518389347860865e-03
 -1.059041855383457e+00   5.972570520541343e-03
 -1.053069284862916e+00   5.515804073404240e-03
 -1.047553480789511e+00   5.131210963742916e-03
 -1.042422269825769e+00   4.805881173398863e-03
 -1.037616388652370e+00   4.529821898920705e-03
 -1.033086566753449e+00   4.295219826862873e-03
 -1.028791346926586e+00   4.095915146273610e-03
 -1.024695431780313e+00   3.927021093215410e-03
 -1.020768410687097e+00   3.784645339841797e-03
 -1.016983765347255e+00   3.665683883139259e-03
 -1.013318081464116e+00   3.567667412919251e-03
 -1.009750414051197e+00   3.488646319308231e-03
 -1.006261767731889e+00   3.427104674509129e-03
 -1.002834663057379e+00   1.751207734402138e-02
 -9.853225857133581e-01   6.940050260323616e-02
 -9.159220831101219e-01   2.544805733554701e-01
 -6.614415097546518e-01   2.544805733554671e-01
 -4.069609363991846e-01   1.708261826545592e-01
 -2.361347537446254e-01   9.562461440171455e-02
 -1.405101393429109e-01   1.250040986073242e-02
 -1.280097294821785e-01   4.695225792386681e-02
 -8.105747155831167e-02   5.987345296325186e-02
 -2.118401859505981e-02   6.765939833128809e-02
  4.647537973622828e-02   6.376381524824759e-02
  1.102391949844759e-01   4.781516281418940e-02
  1.580543577986653e-01   3.524642128240463e-02
  1.933007790810699e-01   3.894627777028359e-02
  2.322470568513535e-01   4.204511604711092e-02
  2.742921728984644e-01   4.455197313780856e-02
  3.188441460362730e-01   4.647763112688441e-02
  3.653217771631574e-01   4.783732910213945e-02
  4.131591062652968e-01   4.863980498734666e-02
  4.617989112526435e-01   4.890233883521589e-02
  5.107012500878594e-01   4.865280007801842e-02
  5.593540501658778e-01   4.791819921301932e-02
  6.072722493788971e-01   4.673487558116207e-02
  6.540071249600592e-01   4.514051635437322e-02
  6.991476413144324e-01   4.318659469789221e-02
  7.423342360123246e-01   4.094012913817069e-02
  7.832743651504953e-01   3.848225457637966e-02
  8.217566197268750e-01   3.595525381473186e-02
  8.577118735416068e-01   3.372048158248719e-02
  8.914323551240940e-01   3.291430610319257e-02
  9.243466612272866e-01   4.343316777908490e-02
  9.677798290063715e-01   1.054768103642427e-01
  1.073256639370614e+00   1.009750232436077e-01
  1.174231662614222e+00   2.132683643067750e-01
  1.387500026920997e+00   6.124999730790031e-01
  2.000000000000000e+00   0.000000000000000e+00
Zone t="         4"
i=  65
 -2.000000000000000e+00   3.866454534429196e-01
 -1.613354546557080e+00   1.599169868335275e-01
 -1.453437559723553e+00   8.898546249169992e-02
 -1.364452097231853e+00   6.081900007931651e-02
 -1.303633097152537e+00   3.985634200415489e-02
 -1.263776755148382e+00   2.952474612126310e-02
 -1.234252009027119e+00   2.283828627195672e-02
 -1.211413722755162e+00   1.826428242418388e-02
 -1.193149440330978e+00   1.499920505541530e-02
 -1.178150235275563e+00   1.258859289057535e-02
 -1.165561642384987e+00   1.075964136024310e-02
 -1.154802001024744e+00   9.340531012053566e-03
 -1.145461470012691e+00   8.218673438458612e-03
 -1.137242796574232e+00   7.317801678905056e-03
 -1.129924994895327e+00   6.584774149546835e-03
 -1.123340220745780e+00   5.981654310288853e-03
 -1.117358566435491e+00   5.480786010422456e-03
 -1.111877780425069e+00   5.061636244301670e-03
 -1.106816144180767e+00   4.708716030971782e-03
 -1.102107428149795e+00   4.410178547780141e-03
 -1.097697249602015e+00   4.156853941610583e-03
 -1.093540395660405e+00   3.941572358975298e-03
 -1.089598823301429e+00   3.758681275842557e-03
 -1.085840142025587e+00   3.603696374298249e-03
 -1.082236445651289e+00   3.473045876432268e-03
 -1.078763399774856e+00   3.363881407222102e-03
 -1.075399518367634e+00   3.273937014794281e-03
 -1.072125581352840e+00   3.201423648035107e-03
 -1.068924157704805e+00   3.144950222312648e-03
 -1.065779207482492e+00   1.617258428010526e-02
 -1.049606623202387e+00   9.264249539182667e-02
 -9.569641278105602e-01   2.555330347839194e-01
 -7.014310930266408e-01   2.555330347839184e-01
 -4.458980582427223e-01   2.030632427018659e-01
 -2.428348155408564e-01   1.984069401004165e-01
 -4.442787544043991e-02   6.358562178238847e-02
  1.915774634194856e-02   5.850460386621159e-02
  7.766235020816015e-02   6.552857668861911e-02
  1.431909268967793e-01   6.416354661653867e-02
  2.073544735133179e-01   5.851267323244813e-02
  2.658671467457661e-01   4.387746090554123e-02
  3.097446076513073e-01   3.234380928448699e-02
  3.420884169357943e-01   3.573896668120624e-02
  3.778273836170005e-01   3.858260230093169e-02
  4.164099859179322e-01   4.088300893072572e-02
  4.572929948486579e-01   4.265008070407150e-02
  4.999430755527294e-01   4.389780170436364e-02
  5.438408772570931e-01   4.463419024977722e-02
  5.884750675068703e-01   4.487510330637934e-02
  6.333501708132496e-01   4.464611513885308e-02
  6.779962859521027e-01   4.397201181387023e-02
  7.219682977659729e-01   4.288613997138824e-02
  7.648544377373612e-01   4.142308308267051e-02
  8.062775208200317e-01   3.963007527646267e-02
  8.459075960964944e-01   3.756861581538740e-02
  8.834762119118817e-01   3.531315779262056e-02
  9.187893697045023e-01   3.299426640979719e-02
  9.517836361142995e-01   3.094353728039823e-02
  9.827271733946977e-01   3.020375381837870e-02
  1.012930927213076e+00   3.985634200415578e-02
  1.052787269217232e+00   9.679042383476255e-02
  1.149577693051995e+00   9.265937824119685e-02
  1.242237071293192e+00   1.957048798064456e-01
  1.437941951099637e+00   5.620580489003628e-01
  2.000000000000000e+00   0.000000000000000e+00
Zone t="         5"
i=  65
 -2.000000000000000e+00   3.815409120369082e-01
 -1.618459087963092e+00   1.619296519242661e-01
 -1.456529436038826e+00   9.510413425903175e-02
 -1.361425301779794e+00   6.523938189997769e-02
 -1.296185919879816e+00   4.635292384190937e-02
 -1.249832996037907e+00   3.594451557128786e-02
 -1.213888480466619e+00   2.855019043453244e-02
 -1.185338290032087e+00   2.331866996959464e-02
 -1.162019620062492e+00   1.939698830397329e-02
 -1.142622631758519e+00   1.636759355641937e-02
 -1.126255038202099e+00   1.397205987144190e-02
 -1.112282978330657e+00   1.205294963226566e-02
 -1.100230028698392e+00   1.049766323310153e-02
 -1.089732365465290e+00   9.252583175129114e-03
 -1.080479782290161e+00   8.258775419750286e-03
 -1.072221006870411e+00   7.471861312607242e-03
 -1.064749145557804e+00   6.881469463357437e-03
 -1.057867676094446e+00   6.451639002163834e-03
 -1.051416037092282e+00   6.183616572777773e-03
 -1.045232420519504e+00   6.060282002945838e-03
 -1.039172138516559e+00   6.077305621393192e-03
 -1.033094832895165e+00   6.218158323225698e-03
 -1.026876674571940e+00   6.482578576542553e-03
 -1.020394095995397e+00   6.866637727770852e-03
 -1.013527458267626e+00   7.367074880137547e-03
 -1.006160383387489e+00   7.979317531660257e-03
 -9.981810658558286e-01   8.634930386967388e-03
 -9.895461354688612e-01   1.010876317146026e-02
 -9.794373722974009e-01   7.617550159438768e-03
 -9.718198221379621e-01   1.345462611014847e-02
 -9.583651960278137e-01   8.424542190539663e-02
 -8.741197741224170e-01   2.125857656977862e-01
 -6.615340084246308e-01   2.125857656977856e-01
 -4.489482427268452e-01   2.144125297546320e-01
 -2.345357129722132e-01   2.114338424736015e-01
 -2.310187049861168e-02   5.289895439942183e-02
  2.979708390081015e-02   4.867190316441738e-02
  7.846898706522754e-02   1.001730280786723e-01
  1.786420151438999e-01   1.250102038690435e-01
  3.036522190129434e-01   1.016775971993054e-01
  4.053298162122487e-01   7.590503696930806e-02
  4.812348531815568e-01   6.900115427581333e-02
  5.502360074573701e-01   2.973248662109651e-02
  5.799684940784666e-01   3.486079249447505e-02
  6.148292865729417e-01   3.401196968973907e-02
  6.488412562626807e-01   3.548204971013758e-02
  6.843233059728183e-01   3.652006624191084e-02
  7.208433722147292e-01   3.713268996449692e-02
  7.579760621792261e-01   3.733311276367612e-02
  7.953091749429022e-01   3.714261063746571e-02
  8.324517855803679e-01   3.658180385831378e-02
  8.690335894386817e-01   3.567843449639652e-02
  9.047120239350782e-01   3.446127357896600e-02
  9.391732975140442e-01   3.296961659474806e-02
  9.721429141087923e-01   3.125462662529488e-02
  1.003397540734087e+00   2.937824343241480e-02
  1.032775784166502e+00   2.744908812430236e-02
  1.060224872290804e+00   2.574302503968173e-02
  1.085967897330486e+00   2.512757698412393e-02
  1.111095474314610e+00   3.315785467351695e-02
  1.144253328988127e+00   8.866817184741427e-02
  1.232921500835541e+00   7.708628461019851e-02
  1.310007785445740e+00   1.692609236735700e-01
  1.479268709119310e+00   5.207312908806903e-01
  2.000000000000000e+00   0.000000000000000e+00
Zone t="         6"
i=  65
 -2.000000000000000e+00   3.794575037545043e-01
 -1.620542496245496e+00   1.543027545578777e-01
 -1.466239741687618e+00   8.962162782423477e-02
 -1.376618113863383e+00   6.147851900782553e-02
 -1.315139594855558e+00   4.368082767275117e-02
 -1.271458767182807e+00   3.387244342619988e-02
 -1.237586323756607e+00   2.690438641886983e-02
 -1.210681937337737e+00   2.197445269800968e-02
 -1.188707484639727e+00   1.827884817626702e-02
 -1.170428636463460e+00   1.542409200741335e-02
 -1.155004544456047e+00   1.316665607226231e-02
 -1.141837888383785e+00   1.135817871934486e-02
 -1.130479709664440e+00   9.892551486073264e-03
 -1.120587158178366e+00   8.719247815732967e-03
 -1.111867910362633e+00   7.782731099774232e-03
 -1.104085179262859e+00   7.041181024949994e-03
 -1.097043998237909e+00   6.521745137853641e-03
 -1.090522253100056e+00   6.268621420193909e-03
 -1.084253631679862e+00   6.293211234373430e-03
 -1.077960420445488e+00   6.573420398880314e-03
 -1.071387000046608e+00   7.107464905681704e-03
 -1.064279535140926e+00   7.872025771709534e-03
 -1.056407509369217e+00   8.870659626607935e-03
 -1.047536849742609e+00   1.009868762709942e-02
 -1.037438162115509e+00   1.155343880801785e-02
 -1.025884723307491e+00   1.322827159754092e-02
 -1.012656451709951e+00   1.500191172585874e-02
 -9.976545399840918e-01   1.826967849514638e-02
 -9.793848614889454e-01   1.441119628297727e-02
 -9.649736652059682e-01   2.090877768921984e-02
 -9.440648875167483e-01   9.558134623533932e-02
 -8.484835412814090e-01   2.003306769989929e-01
 -6.481528642824161e-01   2.003306769989917e-01
 -4.478221872834245e-01   2.119315768183991e-01
 -2.358906104650254e-01   1.992451598563552e-01
 -3.664545060867019e-02   4.984949259522464e-02
  1.320404198655445e-02   5.266099466313268e-02
  6.586503664968713e-02   1.190060056696205e-01
  1.848710423193076e-01   1.561763144528712e-01
  3.410473567721788e-01   1.225308625806223e-01
  4.635782193528011e-01   8.754774137635002e-02
  5.511259607291511e-01   7.020927498509588e-02
  6.213352357142470e-01   2.863827213030601e-02
  6.499735078445530e-01   3.285119482815446e-02
  6.828247026727075e-01   3.205130496895592e-02
  7.148760076416634e-01   3.343663780163730e-02
  7.483126454433007e-01   3.441481474600616e-02
  7.827274601893068e-01   3.499212193010748e-02
  8.177195821194143e-01   3.518099075375392e-02
  8.529005728731682e-01   3.500147069602144e-02
  8.879020435691897e-01   3.447299331168119e-02
  9.223750368808709e-01   3.362170139577458e-02
  9.559967382766454e-01   3.247470738308267e-02
  9.884714456597281e-01   3.106961793570773e-02
  1.019541063595436e+00   2.945349372516404e-02
  1.048994557320600e+00   2.768528028935058e-02
  1.076679837609950e+00   2.586733694573162e-02
  1.102547174555682e+00   2.425962500287393e-02
  1.126806799558556e+00   2.367965630297730e-02
  1.150486455861533e+00   3.124700446382978e-02
  1.181733460325363e+00   8.355668583808251e-02
  1.265290146163446e+00   7.264304783223707e-02
  1.337933193995683e+00   1.595034259010366e-01
  1.497436619896719e+00   5.025633801032807e-01
  2.000000000000000e+00   0.000000000000000e+00
Zone t="         7"
i=  65
 -2.000000000000000e+00   3.658060167352339e-01
 -1.634193983264766e+00   1.361493074358977e-01
 -1.498044675828868e+00   7.952878316874235e-02
 -1.418515892660126e+00   5.583051006173401e-02
 -1.362685382598392e+00   3.877107052707274e-02
 -1.323914312071319e+00   3.012665640396306e-02
 -1.293787655667356e+00   2.374040640007613e-02
 -1.270047249267280e+00   1.939047445154207e-02
 -1.250656774815738e+00   1.612965410617639e-02
 -1.234527120709562e+00   1.361075714583326e-02
 -1.220916363563728e+00   1.161890629101658e-02
 -1.209297457272712e+00   1.002319449019318e-02
 -1.199274262782519e+00   8.729996835288523e-03
 -1.190544265947230e+00   7.694731168460534e-03
 -1.182849534778770e+00   6.868394707617353e-03
 -1.175981140071152e+00   6.214087257544465e-03
 -1.169767052813608e+00   5.754585993130723e-03
 -1.164012466820477e+00   5.531242027729810e-03
 -1.158481224792747e+00   5.552938874858526e-03
 -1.152928285917889e+00   5.800181711373087e-03
 -1.147128104206516e+00   6.271396415993058e-03
 -1.140856707790523e+00   6.946007460694847e-03
 -1.133910700329828e+00   7.827153041196411e-03
 -1.126083547288631e+00   1.025128046579638e-02
 -1.115832266822835e+00   1.432412058591037e-02
 -1.101508146236925e+00   2.003155135501111e-02
 -1.081476594881913e+00   2.693644571650866e-02
 -1.054540149165405e+00   4.007624506283403e-02
 -1.014463904102571e+00   2.820012492160351e-02
 -9.862637791809672e-01   4.493379175149448e-02
 -9.413299874294727e-01   1.348190939173229e-01
 -8.065108935121498e-01   1.767620908297386e-01
 -6.297488026824112e-01   1.767620908297383e-01
 -4.529867118526729e-01   2.315644446822809e-01
 -2.214222671703920e-01   1.758042836934153e-01
 -4.561798347697676e-02   4.398486728988771e-02
 -1.633116187089056e-03   7.602665445863277e-02
  7.439353827154371e-02   1.374295528867764e-01
  2.118230911583201e-01   2.232664501737094e-01
  4.350895413320295e-01   1.821681674265608e-01
  6.172577087585903e-01   9.400554985994802e-02
  7.112632586185383e-01   6.194934164137367e-02
  7.732126002599120e-01   2.541551133185171e-02
  7.986281115917637e-01   2.898757874681734e-02
  8.276156903385811e-01   2.906742431772891e-02
  8.566831146563100e-01   2.950414493991271e-02
  8.861872595962227e-01   3.036724034495319e-02
  9.165544999411759e-01   3.087662791615231e-02
  9.474311278573282e-01   3.104327651156635e-02
  9.784744043688945e-01   3.088487680910468e-02
  1.009359281177999e+00   3.041857426055561e-02
  1.039777855438555e+00   2.966743598726262e-02
  1.069445291425817e+00   2.865538467317097e-02
  1.098100676098988e+00   2.741560259418963e-02
  1.125516278693178e+00   2.598961378089193e-02
  1.151505892474070e+00   2.442942888758859e-02
  1.175935321361659e+00   2.282536476040353e-02
  1.198760686122062e+00   2.140679851991067e-02
  1.220167484641973e+00   2.089506255758811e-02
  1.241062547199561e+00   2.757211977466478e-02
  1.268634666974226e+00   7.372761944491812e-02
  1.342362286419144e+00   6.409796003682233e-02
  1.406460246455966e+00   1.407393014862055e-01
  1.547199547942172e+00   4.528004520578284e-01
  2.000000000000000e+00   0.000000000000000e+00
Zone t="         8"
i=  65
 -2.000000000000000e+00   3.644724805955877e-01
 -1.635527519404412e+00   1.348302768473049e-01
 -1.500697242557107e+00   7.875824634763240e-02
 -1.421938996209475e+00   5.537458111611238e-02
 -1.366564415093363e+00   3.839543115039445e-02
 -1.328168983942968e+00   2.984203070582048e-02
 -1.298326953237148e+00   2.351049452971221e-02
 -1.274816458707436e+00   1.920270864136020e-02
 -1.255613750066075e+00   1.597348206163240e-02
 -1.239640268004443e+00   1.347899044467016e-02
 -1.226161277559773e+00   1.150643843567267e-02
 -1.214654839124100e+00   9.926187328577640e-03
 -1.204728651795522e+00   8.645519337777019e-03
 -1.196083132457745e+00   7.620284257546128e-03
 -1.188462848200199e+00   6.801954088897944e-03
 -1.181660894111301e+00   6.153986158960123e-03
 -1.175506907952341e+00   5.698936956822998e-03
 -1.169807970995518e+00   5.477756949003876e-03
 -1.164330214046514e+00   5.499243577526514e-03
 -1.158830970468988e+00   5.744090902664922e-03
 -1.153086879566323e+00   6.210740054641839e-03
 -1.146876139511681e+00   6.878814859692106e-03
 -1.139997324651989e+00   7.754833582557685e-03
 -1.132242491069431e+00   1.026518592452885e-02
 -1.121977305144902e+00   1.452159047268031e-02
 -1.107455714672222e+00   2.050971252603406e-02
 -1.086946002146188e+00   2.777036067464844e-02
 -1.059175641471540e+00   4.159335109982809e-02
 -1.017582290371712e+00   2.915671136452325e-02
 -9.884255790071883e-01   4.670930420561792e-02
 -9.417162748015704e-01   1.369804447618775e-01
 -8.047358300396928e-01   1.750495670018514e-01
 -6.296862630378415e-01   1.750495670018539e-01
 -4.546366960359876e-01   2.307958573905284e-01
 -2.238408386454591e-01   1.741010399640892e-01
 -4.973979868136991e-02   4.432690342030021e-02
 -5.412895261069695e-03   7.801960627116977e-02
  7.260671101010008e-02   1.429208079491449e-01
  2.155275189592449e-01   2.263992768255940e-01
  4.419267957848390e-01   1.868194174645583e-01
  6.287462132493973e-01   9.309474907897841e-02
  7.218409623283757e-01   6.193967419829172e-02
  7.837806365266674e-01   2.516936953556892e-02
  8.089500060622363e-01   2.892820363190152e-02
  8.378782096941378e-01   2.878580260890795e-02
  8.666640123030458e-01   2.921829188820013e-02
  8.958823041912459e-01   3.007302484727370e-02
  9.259553290385196e-01   3.057747701270264e-02
  9.565328060512223e-01   3.074260785537763e-02
  9.872754139065999e-01   3.058574287195903e-02
  1.017861156778559e+00   3.012395828265690e-02
  1.047985115061216e+00   2.938009771376260e-02
  1.077365212774978e+00   2.837785206470089e-02
  1.105743064839679e+00   2.715008211159486e-02
  1.132893146951274e+00   2.573790956279454e-02
  1.158631056514069e+00   2.419284114652731e-02
  1.182823897660596e+00   2.260431863793322e-02
  1.205428216298529e+00   2.119949674536459e-02
  1.226627713043894e+00   2.069271894214020e-02
  1.247320431986034e+00   2.730508281259714e-02
  1.274625514798631e+00   7.301338641406119e-02
  1.347638901212692e+00   6.347702782302633e-02
  1.411115929035719e+00   1.393757988994799e-01
  1.550491727935199e+00   4.495082720648014e-01
  2.000000000000000e+00   0.000000000000000e+00
Zone t="         9"
i=  65
 -2.000000000000000e+00   3.516520288667342e-01
 -1.648347971133266e+00   1.297301520680840e-01
 -1.518617819065182e+00   7.742516447329328e-02
 -1.441192654591889e+00   5.385916114062206e-02
 -1.387333493451266e+00   3.693738858833795e-02
 -1.350396104862928e+00   2.895130166012327e-02
 -1.321444803202805e+00   2.288074767775772e-02
 -1.298564055525048e+00   1.907195154649144e-02
 -1.279492103978556e+00   1.635819189341814e-02
 -1.263133912085138e+00   1.438178825440595e-02
 -1.248752123830732e+00   1.292266805996456e-02
 -1.235829455770767e+00   1.184979347113035e-02
 -1.223979662299637e+00   1.106092745520493e-02
 -1.212918734844432e+00   1.052253944450476e-02
 -1.202396195399927e+00   1.017712100730228e-02
 -1.192219074392625e+00   9.984011382853986e-03
 -1.182235063009771e+00   9.876502471958482e-03
 -1.172358560537813e+00   9.676307973281784e-03
 -1.162682252564531e+00   9.379016314497779e-03
 -1.153303236250033e+00   8.976624420857782e-03
 -1.144326611829175e+00   8.466656224302316e-03
 -1.135859955604873e+00   7.832325251440952e-03
 -1.128027630353432e+00   7.099327175777770e-03
 -1.120928303177654e+00   9.057614714693019e-03
 -1.111870688462961e+00   1.297030664481147e-02
 -1.098900381818150e+00   1.976550091399587e-02
 -1.079134880904154e+00   2.877359490799902e-02
 -1.050361285996155e+00   4.773265188994591e-02
 -1.002628634106209e+00   2.847551535344417e-02
 -9.741531187527648e-01   5.098412717624501e-02
 -9.231689915765198e-01   1.306304661114494e-01
 -7.925385254650704e-01   1.544552781426508e-01
 -6.380832473224196e-01   1.544552781426523e-01
 -4.836279691797674e-01   2.359862764175313e-01
 -2.476416927622360e-01   2.055159065493657e-01
 -4.212578621287033e-02   5.959116704760659e-02
  1.746538083473625e-02   7.843510909680895e-02
  9.590048993154521e-02   1.301250697329901e-01
  2.260255596645353e-01   1.997637459553390e-01
  4.257893056198743e-01   1.931630842440611e-01
  6.189523898639354e-01   8.432554708480133e-02
  7.032779369487367e-01   5.465265111753537e-02
  7.579305880662721e-01   3.717028840212633e-02
  7.951008764683984e-01   3.414815582248154e-02
  8.292490322908800e-01   3.592586219692773e-02
  8.651748944878077e-01   3.390725945983863e-02
  8.990821539476463e-01   3.359395372453888e-02
  9.326761076721852e-01   3.299441838457717e-02
  9.656705260567624e-01   3.213272866450290e-02
  9.978032547212653e-01   3.109718065723055e-02
  1.028900435378496e+00   2.986676639444164e-02
  1.058767201772937e+00   2.846192240691647e-02
  1.087229124179854e+00   2.694994968182751e-02
  1.114179073861681e+00   2.525198124501560e-02
  1.139431055106697e+00   2.353063407753297e-02
  1.162961689184230e+00   2.177996519485759e-02
  1.184741654379088e+00   2.010287575750502e-02
  1.204844530136593e+00   1.870669129176927e-02
  1.223551221428362e+00   1.825953539031611e-02
  1.241810756818678e+00   2.507337723617620e-02
  1.266884134054854e+00   7.479645445815941e-02
  1.341680588513014e+00   6.474694601212794e-02
  1.406427534525142e+00   1.480864716826693e-01
  1.554514006207811e+00   4.454859937921891e-01
  2.000000000000000e+00   0.000000000000000e+00
Zone t="        10"
i=  65
 -2.000000000000000e+00   3.277710641337528e-01
 -1.672228935866247e+00   1.190463985599233e-01
 -1.553182537306324e+00   7.104895160500990e-02
 -1.482133585701314e+00   4.942370998059942e-02
 -1.432709875720715e+00   3.389551816161829e-02
 -1.398814357559096e+00   2.656711983211468e-02
 -1.372247237726982e+00   2.099650207357873e-02
 -1.351250735653403e+00   1.750137668154550e-02
 -1.333749358971857e+00   1.501110680506956e-02
 -1.318738252166788e+00   1.319746850426706e-02
 -1.305540783662521e+00   1.185851313205455e-02
 -1.293682270530466e+00   1.087399437897041e-02
 -1.282808276151496e+00   1.015009487158047e-02
 -1.272658181279915e+00   9.656045428630966e-03
 -1.263002135851284e+00   9.339073685030064e-03
 -1.253663062166254e+00   9.161867468526319e-03
 -1.244501194697728e+00   9.063212378732866e-03
 -1.235437982318995e+00   8.879504757858481e-03
 -1.226558477561137e+00   8.606696345526910e-03
 -1.217951781215610e+00   8.237443154616386e-03
 -1.209714338060993e+00   7.769473031908891e-03
 -1.201944865029084e+00   7.187381942285409e-03
 -1.194757483086799e+00   6.514749410045706e-03
 -1.188242733676753e+00   8.311763549495588e-03
 -1.179930970127258e+00   1.190222847459266e-02
 -1.168028741652665e+00   1.813780927637465e-02
 -1.149890932376290e+00   2.640404799516638e-02
 -1.123486884381124e+00   4.913825391175752e-02
 -1.074348630469367e+00   2.613134011667073e-02
 -1.048217290352696e+00   5.873680427132011e-02
 -9.894804860813757e-01   1.357656880926009e-01
 -8.537147979887748e-01   1.627296078061927e-01
 -6.909851901825821e-01   1.627296078061908e-01
 -5.282555823763913e-01   2.315869531130803e-01
 -2.966686292633109e-01   2.272133539630770e-01
 -6.945527530023399e-02   8.534155097620899e-02
  1.588627567597500e-02   8.779834922991037e-02
  1.036846249058854e-01   1.194087930569785e-01
  2.230934179628639e-01   1.968594672886701e-01
  4.199528852515340e-01   2.092667120474525e-01
  6.292195972989865e-01   8.824208070026207e-02
  7.174616779992485e-01   5.489413850596425e-02
  7.723558165052128e-01   3.410923767427032e-02
  8.064650541794831e-01   4.031279706205271e-02
  8.467778512415358e-01   3.971878770694082e-02
  8.864966389484766e-01   3.489175791511212e-02
  9.213883968635888e-01   3.256202774766703e-02
  9.539504246112558e-01   3.085418614954061e-02
  9.848046107607964e-01   2.948654264254791e-02
  1.014291153403344e+00   2.853627646653045e-02
  1.042827429869875e+00   2.740719210906417e-02
  1.070234621978939e+00   2.611804306474030e-02
  1.096352665043679e+00   2.473058779504544e-02
  1.121083252838725e+00   2.317245436026938e-02
  1.144255707198994e+00   2.159286753382172e-02
  1.165848574732816e+00   1.998637376151091e-02
  1.185834948494327e+00   1.844739985080834e-02
  1.204282348345135e+00   1.716619717941947e-02
  1.221448545524555e+00   1.732357923896966e-02
  1.238772124763524e+00   2.348842355740022e-02
  1.262260548320924e+00   7.235497320136131e-02
  1.334615521522286e+00   6.721927401673722e-02
  1.401834795539023e+00   1.559283628756682e-01
  1.557763158414691e+00   4.422368415853088e-01
  2.000000000000000e+00   0.000000000000000e+00
Zone t="        11"
i=  65
 -2.000000000000000e+00   3.039989155806073e-01
 -1.696001084419393e+00   1.032422390062155e-01
 -1.592758845413177e+00   5.399033842464696e-02
 -1.538768506988530e+00   3.755731731425693e-02
 -1.501211189674273e+00   2.575744435101468e-02
 -1.475453745323259e+00   2.018859446042343e-02
 -1.455265150862835e+00   1.595548202571373e-02
 -1.439309668837121e+00   1.329953624030589e-02
 -1.426010132596816e+00   1.140718016117193e-02
 -1.414602952435644e+00   1.002899641639265e-02
 -1.404573956019251e+00   9.011524229048939e-03
 -1.395562431790202e+00   8.263388428578766e-03
 -1.387299043361623e+00   7.713297192914581e-03
 -1.379585746168709e+00   7.337869021215582e-03
 -1.372247877147493e+00   7.097002193255264e-03
 -1.365150874954238e+00   6.962343189333531e-03
 -1.358188531764904e+00   6.887375186597211e-03
 -1.351301156578307e+00   6.747775765498343e-03
 -1.344553380812809e+00   6.540468652965981e-03
 -1.338012912159843e+00   6.259873153192430e-03
 -1.331753039006650e+00   5.904262656947656e-03
 -1.325848776349703e+00   5.461931637944284e-03
 -1.320386844711758e+00   4.950798176692972e-03
 -1.315436046535065e+00   6.316349221261230e-03
 -1.309119697313804e+00   9.044743517844012e-03
 -1.300074953795960e+00   1.378316136911484e-02
 -1.286291792426845e+00   2.006467617152641e-02
 -1.266227116255319e+00   3.734039924754606e-02
 -1.228886717007773e+00   1.985744545465895e-02
 -1.209029271553114e+00   4.463433766577540e-02
 -1.164394933887339e+00   1.526865410975817e-01
 -1.011708392789757e+00   2.360026744377510e-01
 -7.757057183520057e-01   2.360026744377501e-01
 -5.397030439142556e-01   2.531724138627618e-01
 -2.865306300514938e-01   2.185073302671985e-01
 -6.802329978429533e-02   8.784433573690809e-02
  1.982103595261275e-02   7.635867232775917e-02
  9.617970828037192e-02   1.103572506266184e-01
  2.065369589069903e-01   1.965348264497671e-01
  4.030717853567574e-01   2.553490690092064e-01
  6.584208543659638e-01   1.294430206211199e-01
  7.878638749870837e-01   4.171429595068243e-02
  8.295781709377661e-01   2.591984980867779e-02
  8.554980207464439e-01   5.879821135059748e-02
  9.142962320970414e-01   5.043573575790605e-02
  9.647319678549474e-01   4.327096732775837e-02
  1.008002935182706e+00   3.664288640363367e-02
  1.044645821586339e+00   3.236176661072498e-02
  1.077007588197064e+00   2.921471672601350e-02
  1.106222304923078e+00   2.729855949370141e-02
  1.133520864416779e+00   2.535561504485817e-02
  1.158876479461638e+00   2.337582470339461e-02
  1.182252304165032e+00   2.139566889266176e-02
  1.203647973057694e+00   1.956912026302571e-02
  1.223217093320720e+00   1.781475037478919e-02
  1.241031843695509e+00   1.622415544867195e-02
  1.257255999144181e+00   1.493238637926786e-02
  1.272188385523449e+00   1.413800309852942e-02
  1.286326388621978e+00   1.501596411750850e-02
  1.301342352739487e+00   2.005414626334590e-02
  1.321396499002832e+00   5.621476240022050e-02
  1.377611261403053e+00   6.246310257300736e-02
  1.440074363976060e+00   1.446032513120008e-01
  1.584677615288061e+00   4.153223847119389e-01
  2.000000000000000e+00   0.000000000000000e+00
Zone t="        12"
i=  65
 -2.000000000000000e+00   3.099517650090589e-01
 -1.690048234990941e+00   1.055161048393842e-01
 -1.584532130151557e+00   4.733290154569469e-02
 -1.537199228605862e+00   2.854004552710410e-02
 -1.508659183078758e+00   2.577270716650215e-02
 -1.482886475912256e+00   1.913564494432363e-02
 -1.463750830967932e+00   1.462775996476973e-02
 -1.449123071003163e+00   1.137578994837662e-02
 -1.437747281054786e+00   9.099311933071341e-03
 -1.428647969121715e+00   7.628854371684257e-03
 -1.421019114750030e+00   6.848097361654037e-03
 -1.414171017388376e+00   6.279588966878746e-03
 -1.407891428421498e+00   5.861574636896183e-03
 -1.402029853784601e+00   5.576286769221950e-03
 -1.396453567015379e+00   5.393252066654197e-03
 -1.391060314948725e+00   5.290924689573595e-03
 -1.385769390259152e+00   5.233956504297366e-03
 -1.380535433754854e+00   5.487655117924373e-03
 -1.375047778636930e+00   6.448172150111731e-03
 -1.368599606486818e+00   8.094348770657733e-03
 -1.360505257716160e+00   1.042042229381335e-02
 -1.350084835422347e+00   1.343578909951582e-02
 -1.336649046322831e+00   1.711133127753972e-02
 -1.319537715045292e+00   2.084871643439623e-02
 -1.298688998610895e+00   2.623945125242200e-02
 -1.272449547358473e+00   3.165374793888875e-02
 -1.240795799419585e+00   3.715139311763505e-02
 -1.203644406301950e+00   4.305270461209121e-02
 -1.160591701689858e+00   5.108641212799236e-02
 -1.109505289561866e+00   3.391787329222251e-02
 -1.075587416269643e+00   1.202768350115332e-01
 -9.553105812581103e-01   2.188376183810966e-01
 -7.364729628770137e-01   2.188376183810949e-01
 -5.176353444959187e-01   2.394851935930178e-01
 -2.781501509029010e-01   2.062648933538402e-01
 -7.188525754906072e-02   8.690842061087833e-02
  1.502316306181761e-02   9.352430978933768e-02
  1.085474728511553e-01   1.439166172944963e-01
  2.524640901456516e-01   2.592209377484479e-01
  5.116850278940995e-01   2.998177427787234e-01
  8.115027706728229e-01   1.565173515864914e-01
  9.680201222593143e-01   5.138948845713087e-02
  1.019409610716445e+00   1.969673396961391e-02
  1.039106344686059e+00   6.849861307727401e-02
  1.107604957763333e+00   3.832635570243315e-02
  1.145931313465766e+00   3.288184817236317e-02
  1.178813161638129e+00   2.784516947812188e-02
  1.206658331116251e+00   2.459194654748975e-02
  1.231250277663741e+00   2.220050334009716e-02
  1.253450781003838e+00   2.074441545926420e-02
  1.274195196463102e+00   1.926797197258789e-02
  1.293463168435690e+00   1.776352929210967e-02
  1.311226697727800e+00   1.625880889153386e-02
  1.327485506619334e+00   1.487081458787287e-02
  1.342356321207207e+00   1.353766890980213e-02
  1.355893990117009e+00   1.232897582544590e-02
  1.368222965942455e+00   1.134736050960550e-02
  1.379570326452060e+00   1.074370865457253e-02
  1.390314035106633e+00   1.141087123289486e-02
  1.401724906339528e+00   1.523938584551621e-02
  1.416964292185044e+00   4.271783804792784e-02
  1.459682130232972e+00   4.746595174522805e-02
  1.507148081978200e+00   1.098842507719895e-01
  1.617032332750189e+00   3.829676672498108e-01
  2.000000000000000e+00   0.000000000000000e+00
Zone t="        13"
i=  65
 -2.000000000000000e+00   3.084353649955127e-01
 -1.691564635004487e+00   1.028157398520140e-01
 -1.588748895152473e+00   4.460431161206957e-02
 -1.544144583540404e+00   2.689482634516693e-02
 -1.517249757195237e+00   2.428701953405055e-02
 -1.492962737661186e+00   1.803257074122677e-02
 -1.474930166919959e+00   1.378455636005227e-02
 -1.461145610559907e+00   1.072005594368530e-02
 -1.450425554616222e+00   8.574812355770733e-03
 -1.441850742260451e+00   7.189123746588644e-03
 -1.434661618513863e+00   6.453375824478025e-03
 -1.428208242689385e+00   5.917640807329594e-03
 -1.422290601882055e+00   5.523724171621724e-03
 -1.416766877710433e+00   5.254882581796405e-03
 -1.411511995128637e+00   5.082399465593301e-03
 -1.406429595663043e+00   4.985971058171224e-03
 -1.401443624604872e+00   4.932286975407596e-03
 -1.396511337629465e+00   5.171360368819933e-03
 -1.391339977260645e+00   6.076505505530960e-03
 -1.385263471755114e+00   7.627783319791526e-03
 -1.377635688435322e+00   9.819763333225318e-03
 -1.367815925102097e+00   1.266130024316103e-02
 -1.355154624858936e+00   1.612495472894815e-02
 -1.339029670129988e+00   1.964688706890882e-02
 -1.319382783061079e+00   2.472685675223785e-02
 -1.294655926308841e+00   2.982903000918058e-02
 -1.264826896299660e+00   3.500974688368430e-02
 -1.229817149415976e+00   4.057085951409700e-02
 -1.189246289901879e+00   5.665310321525929e-02
 -1.132593186686620e+00   3.740589662596583e-02
 -1.095187290060654e+00   1.257527114146227e-01
 -9.694345786460313e-01   2.295890514411786e-01
 -7.398455272048527e-01   2.295890514411794e-01
 -5.102564757636734e-01   2.378861444668467e-01
 -2.723703312968266e-01   1.994525616843765e-01
 -7.291776961245011e-02   8.453093431073322e-02
  1.161316469828311e-02   8.813287709136786e-02
  9.974604178965096e-02   1.510218524946523e-01
  2.507678942843032e-01   2.823260783147734e-01
  5.330939725990766e-01   3.054837309125908e-01
  8.385777035116675e-01   1.474944953850691e-01
  9.860721988967366e-01   5.711571040728936e-02
  1.043187909304026e+00   3.653124392243079e-02
  1.079719153226457e+00   7.034304602148200e-02
  1.150062199247939e+00   3.611697521364499e-02
  1.186179174461584e+00   3.098633270811502e-02
  1.217165507169699e+00   2.624000851760533e-02
  1.243405515687304e+00   2.317432741501024e-02
  1.266579843102314e+00   2.092074614955219e-02
  1.287500589251867e+00   1.954859883743443e-02
  1.307049188089301e+00   1.815726937964235e-02
  1.325206457468943e+00   1.673955482585265e-02
  1.341946012294796e+00   1.532157856197647e-02
  1.357267590856772e+00   1.401359936781321e-02
  1.371281190224586e+00   1.275730688512344e-02
  1.384038497109709e+00   1.161829255178071e-02
  1.395656789661490e+00   1.069326540548410e-02
  1.406350055066974e+00   1.012441287862687e-02
  1.416474467945601e+00   1.128292194379621e-02
  1.427757389889397e+00   1.593704231390092e-02
  1.443694432203298e+00   4.025529734097244e-02
  1.483949729544270e+00   5.161016943654939e-02
  1.535559898980820e+00   1.035497000326533e-01
  1.639109599013473e+00   3.608904009865270e-01
  2.000000000000000e+00   0.000000000000000e+00
Zone t="        14"
i=  65
 -2.000000000000000e+00   3.099158349590028e-01
 -1.690084165040997e+00   1.016763710561748e-01
 -1.588407793984822e+00   4.334466093193434e-02
 -1.545063133052888e+00   2.613542479107500e-02
 -1.518927708261813e+00   2.438732208542604e-02
 -1.494540386176387e+00   1.820372970074713e-02
 -1.476336656475640e+00   1.409641965283859e-02
 -1.462240236822801e+00   1.110318378542297e-02
 -1.451137053037378e+00   9.020014305041624e-03
 -1.442117038732337e+00   7.698032899659424e-03
 -1.434419005832677e+00   7.031774771736110e-03
 -1.427387231060941e+00   6.535973118030114e-03
 -1.420851257942911e+00   6.154452042955283e-03
 -1.414696805899956e+00   5.869168573226169e-03
 -1.408827637326730e+00   5.653492961869677e-03
 -1.403174144364860e+00   5.490166649658068e-03
 -1.397683977715202e+00   5.347924832308504e-03
 -1.392336052882893e+00   5.520210695184158e-03
 -1.386815842187709e+00   6.417402357024038e-03
 -1.380398439830685e+00   8.019201263300024e-03
 -1.372379238567385e+00   1.031933885132630e-02
 -1.362059899716059e+00   1.332800139125112e-02
 -1.348731898324808e+00   1.701493229449258e-02
 -1.331716966030315e+00   2.062556023425355e-02
 -1.311091405796062e+00   2.583165748569627e-02
 -1.285259748310365e+00   3.091048571965183e-02
 -1.254349262590714e+00   3.595803938552899e-02
 -1.218391223205185e+00   4.036746168931460e-02
 -1.178023761515870e+00   5.934029466707536e-02
 -1.118683466848795e+00   3.634930087714028e-02
 -1.082334165971654e+00   1.252755425882793e-01
 -9.570586233833750e-01   2.261417218823837e-01
 -7.309169015009913e-01   2.261417218823834e-01
 -5.047751796186080e-01   2.342710471322773e-01
 -2.705041324863307e-01   1.975355470481421e-01
 -7.296858543818852e-02   8.385620976589769e-02
  1.088762432770918e-02   8.564365217399494e-02
  9.653127650170412e-02   1.503644339057303e-01
  2.468957104074344e-01   2.823092314764141e-01
  5.292049418838485e-01   3.020167452924700e-01
  8.312216871763185e-01   1.433281692015902e-01
  9.745498563779087e-01   5.550264367815250e-02
  1.030052500056061e+00   3.783272146910210e-02
  1.067885221525163e+00   7.131869236447685e-02
  1.139203913889640e+00   3.509678830450991e-02
  1.174300702194150e+00   3.054119251998211e-02
  1.204841894714132e+00   2.633087909056608e-02
  1.231172773804698e+00   2.364796802555236e-02
  1.254820741830251e+00   2.169540346664522e-02
  1.276516145296896e+00   2.053510560857497e-02
  1.297051250905471e+00   1.934290170940822e-02
  1.316394152614879e+00   1.810815310395264e-02
  1.334502305718832e+00   1.685769473628795e-02
  1.351360000455120e+00   1.569630388502374e-02
  1.367056304340143e+00   1.456624934595774e-02
  1.381622553686101e+00   1.353181974135120e-02
  1.395154373427452e+00   1.268551354890812e-02
  1.407839886976360e+00   1.216094926142075e-02
  1.420000836237781e+00   1.333346093872434e-02
  1.433334297176506e+00   1.799993646346487e-02
  1.451334233639970e+00   4.061688233051197e-02
  1.491951115970482e+00   5.276855049699192e-02
  1.544719666467474e+00   1.010039055710146e-01
  1.645723572038489e+00   3.542764279615112e-01
  2.000000000000000e+00   0.000000000000000e+00
Zone t="        15"
i=  65
 -2.000000000000000e+00   3.099017667193877e-01
 -1.690098233280612e+00   1.016445928773433e-01
 -1.588453640403269e+00   4.335543792964880e-02
 -1.545098202473620e+00   2.617015817965740e-02
 -1.518928044293963e+00   2.442260112728722e-02
 -1.494505443166676e+00   1.824945711053583e-02
 -1.476255986056140e+00   1.414893599718359e-02
 -1.462107050058956e+00   1.115966778141630e-02
 -1.450947382277540e+00   9.077874594681345e-03
 -1.441869507682858e+00   7.755100151419780e-03
 -1.434114407531439e+00   7.085591089176280e-03
 -1.427028816442262e+00   6.587326200000243e-03
 -1.420441490242262e+00   6.203250225949475e-03
 -1.414238240016313e+00   5.914342852409327e-03
 -1.408323897163903e+00   5.693250307270414e-03
 -1.402630646856633e+00   5.525485215067683e-03
 -1.397105161641565e+00   5.378139786599068e-03
 -1.391727021854966e+00   5.545061768624127e-03
 -1.386181960086342e+00   6.433398563479020e-03
 -1.379748561522863e+00   8.024870052656397e-03
 -1.371723691470207e+00   1.031405936932606e-02
 -1.361409632100881e+00   1.330992415797683e-02
 -1.348099707942904e+00   1.698280247821438e-02
 -1.331116905464689e+00   2.057837139330276e-02
 -1.310538534071387e+00   2.576613372283498e-02
 -1.284772400348552e+00   3.082447156800439e-02
 -1.253947928780547e+00   3.584974899545434e-02
 -1.218098179785093e+00   4.024133888913362e-02
 -1.177856840895959e+00   5.923654560488423e-02
 -1.118620295291075e+00   3.624556228665488e-02
 -1.082374733004420e+00   1.253118415678859e-01
 -9.570628914365343e-01   2.261801943148486e-01
 -7.308826971216857e-01   2.261801943148494e-01
 -5.047025028068364e-01   2.342176613281255e-01
 -2.704848414787109e-01   1.974626142467033e-01
 -7.302222723200757e-02   8.386611986173764e-02
  1.084389262973007e-02   8.567451384817915e-02
  9.651840647790921e-02   1.503855143357637e-01
  2.469039208136730e-01   2.822195413964536e-01
  5.291234622101265e-01   3.018666566841682e-01
  8.309901188942947e-01   1.433899288677761e-01
  9.743800477620709e-01   5.576449051194043e-02
  1.030144538274011e+00   3.811168173122703e-02
  1.068256220005238e+00   7.155743765633549e-02
  1.139813657661574e+00   3.527314939622239e-02
  1.175086807057796e+00   3.068256541108183e-02
  1.205769372468878e+00   2.642562919823366e-02
  1.232195001667112e+00   2.370405140388732e-02
  1.255899053070999e+00   2.172032298681636e-02
  1.277619376057815e+00   2.053600977231018e-02
  1.298155385830126e+00   1.932398394545864e-02
  1.317479369775584e+00   1.807406013619217e-02
  1.335553429911776e+00   1.681312610707675e-02
  1.352366556018853e+00   1.564851997561356e-02
  1.368015075994467e+00   1.451784475393292e-02
  1.382532920748400e+00   1.348685286205065e-02
  1.396019773610450e+00   1.264335919310011e-02
  1.408663132803550e+00   1.212053818646708e-02
  1.420783670990017e+00   1.328915326385438e-02
  1.434072824253872e+00   1.794012072288353e-02
  1.452012944976755e+00   4.049408840512880e-02
  1.492507033381884e+00   5.267253949837380e-02
  1.545179572880258e+00   1.008469530942255e-01
  1.646026525974484e+00   3.539734740255165e-01
  2.000000000000000e+00   0.000000000000000e+00
Zone t="        16"
i=  65
 -2.000000000000000e+00   3.099008932755523e-01
 -1.690099106724448e+00   1.016379401223098e-01
 -1.588461166602138e+00   4.335258900711314e-02
 -1.545108577595025e+00   2.616933717291903e-02
 -1.518939240422106e+00   2.442234844687530e-02
 -1.494516891975231e+00   1.825142279122183e-02
 -1.476265469184009e+00   1.415126064792194e-02
 -1.462114208536087e+00   1.116182285567913e-02
 -1.450952385680408e+00   9.079795865494900e-03
 -1.441872589814913e+00   7.755908273532119e-03
 -1.434116681541381e+00   7.086202311752388e-03
 -1.427030479229628e+00   6.587752330070362e-03
 -1.420442726899558e+00   6.202842661437113e-03
 -1.414239884238121e+00   5.914143486734469e-03
 -1.408325740751386e+00   5.692876256054857e-03
 -1.402632864495331e+00   5.525627250857257e-03
 -1.397107237244474e+00   5.377786442042121e-03
 -1.391729450802432e+00   5.544954108352318e-03
 -1.386184496694080e+00   6.433411423771407e-03
 -1.379751085270308e+00   8.024354491260599e-03
 -1.371726730779048e+00   1.031399131967792e-02
 -1.361412739459370e+00   1.330948419839340e-02
 -1.348103255260976e+00   1.698334936159607e-02
 -1.331119905899380e+00   2.057829274865908e-02
 -1.310541613150721e+00   2.576568723539241e-02
 -1.284775925915329e+00   3.082346291457028e-02
 -1.253952463000759e+00   3.584819217542545e-02
 -1.218104270825333e+00   4.023869460140306e-02
 -1.177865576223930e+00   5.923553890220745e-02
 -1.118630037321723e+00   3.624318057084763e-02
 -1.082386856750875e+00   1.253226562732291e-01
 -9.570642004776458e-01   2.261844482455025e-01
 -7.308797522321433e-01   2.261844482455027e-01
 -5.046953039866406e-01   2.342120955191453e-01
 -2.704832084674953e-01   1.974546506506194e-01
 -7.302855781687589e-02   8.386730185220648e-02
  1.083874403533058e-02   8.567831369489975e-02
  9.651705773023034e-02   1.503884656266360e-01
  2.469055233568663e-01   2.822093301716012e-01
  5.291148535284675e-01   3.018468203787534e-01
  8.309616739072210e-01   1.433925371397394e-01
  9.743542110469604e-01   5.578805559338817e-02
  1.030142266640349e+00   3.813394743739806e-02
  1.068276214077747e+00   7.157033163833604e-02
  1.139846545716083e+00   3.527824247199551e-02
  1.175124788188078e+00   3.068548049532449e-02
  1.205810268683403e+00   2.642476898908264e-02
  1.232235037672485e+00   2.370249382038447e-02
  1.255937531492870e+00   2.171889575879415e-02
  1.277656427251664e+00   2.053467348903926e-02
  1.298191100740703e+00   1.932271418653464e-02
  1.317513814927238e+00   1.807287251271594e-02
  1.335586687439954e+00   1.681202134255422e-02
  1.352398708782508e+00   1.564749174011015e-02
  1.368046200522618e+00   1.451689081777130e-02
  1.382563091340389e+00   1.348596667479973e-02
  1.396049058015189e+00   1.264262455211851e-02
  1.408691682567308e+00   1.211974178298236e-02
  1.420811424350290e+00   1.329110547274936e-02
  1.434102529823039e+00   1.794265702048325e-02
  1.452045186843523e+00   4.049142750863055e-02
  1.492536614352153e+00   5.267284572139719e-02
  1.545209460073550e+00   1.008403262684128e-01
  1.646049786341963e+00   3.539502136580368e-01
  2.000000000000000e+00   0.000000000000000e+00
Zone t="        17"
i=  65
 -2.000000000000000e+00   3.099008004362376e-01
 -1.690099199563762e+00   1.016377113422826e-01
 -1.588461488221480e+00   4.335249468756208e-02
 -1.545108993533918e+00   2.616926778153283e-02
 -1.518939725752385e+00   2.442228368803079e-02
 -1.494517442064354e+00   1.825146447770942e-02
 -1.476265977586645e+00   1.415124214798569e-02
 -1.462114735438659e+00   1.116179326018041e-02
 -1.450952942178479e+00   9.079771790971858e-03
 -1.441873170387507e+00   7.755887709602893e-03
 -1.434117282677904e+00   7.086235204801783e-03
 -1.427031047473102e+00   6.587809249679166e-03
 -1.420443238223423e+00   6.202849606571803e-03
 -1.414240388616851e+00   5.914144643076824e-03
 -1.408326243973774e+00   5.692861189249054e-03
 -1.402633382784525e+00   5.525666312984789e-03
 -1.397107716471540e+00   5.377927372961278e-03
 -1.391729789098579e+00   5.545057455726088e-03
 -1.386184731642853e+00   6.433572244273655e-03
 -1.379751159398579e+00   8.024417150324759e-03
 -1.371726742248255e+00   1.031396397239970e-02
 -1.361412778275855e+00   1.330945219208512e-02
 -1.348103326083770e+00   1.698332319359985e-02
 -1.331120002890170e+00   2.057823818321802e-02
 -1.310541764706952e+00   2.576570007950663e-02
 -1.284776064627445e+00   3.082344156858530e-02
 -1.253952623058860e+00   3.584823600999565e-02
 -1.218104387048864e+00   4.023858792838331e-02
 -1.177865799120481e+00   5.923554480702631e-02
 -1.118630254313455e+00   3.624308449285230e-02
 -1.082387169820602e+00   1.253228994100152e-01
 -9.570642704105873e-01   2.261845509586805e-01
 -7.308797194519068e-01   2.261845509586804e-01
 -5.046951684932264e-01   2.342119377098890e-01
 -2.704832307833374e-01   1.974544558835074e-01
 -7.302877489982995e-02   8.386738437515384e-02
  1.083860947532389e-02   8.567839043498360e-02
  9.651699991030749e-02   1.503885632194027e-01
  2.469055631297102e-01   2.822092144505343e-01
  5.291147775802445e-01   3.018465077501032e-01
  8.309612853303477e-01   1.433926116233744e-01
  9.743538969537221e-01   5.578851815693742e-02
  1.030142415110660e+00   3.813430726985501e-02
  1.068276722380515e+00   7.157048422837575e-02
  1.139847206608890e+00   3.527820581100705e-02
  1.175125412419897e+00   3.068546281393170e-02
  1.205810875233829e+00   2.642469892035848e-02
  1.232235574154187e+00   2.370247399352232e-02
  1.255938048147710e+00   2.171883816877918e-02
  1.277656886316489e+00   2.053466528771519e-02
  1.298191551604204e+00   1.932273833778853e-02
  1.317514289941993e+00   1.807292046632702e-02
  1.335587210408320e+00   1.681205334728086e-02
  1.352399263755601e+00   1.564751149407262e-02
  1.368046775249673e+00   1.451701535803585e-02
  1.382563790607709e+00   1.348605099339606e-02
  1.396049841601105e+00   1.264259102993304e-02
  1.408692432631038e+00   1.211979531375085e-02
  1.420812227944789e+00   1.329121068579608e-02
  1.434103438630585e+00   1.794284347853958e-02
  1.452046282109125e+00   4.049139129122237e-02
  1.492537673400347e+00   5.267286147384098e-02
  1.545210534874188e+00   1.008400588696610e-01
  1.646050593743849e+00   3.539494062561510e-01
  2.000000000000000e+00   0.000000000000000e+00
Zone t="        18"
i=  65
 -2.000000000000000e+00   3.099007370932210e-01
 -1.690099262906779e+00   1.016375913800662e-01
 -1.588461671526713e+00   4.335244314296416e-02
 -1.545109228383749e+00   2.616923379283653e-02
 -1.518939994590912e+00   2.442226586719598e-02
 -1.494517728723716e+00   1.825144076400109e-02
 -1.476266287959715e+00   1.415123534008966e-02
 -1.462115052619625e+00   1.116184329416181e-02
 -1.450953209325464e+00   9.079829845697329e-03
 -1.441873379479766e+00   7.755964630313139e-03
 -1.434117414849453e+00   7.086268671648854e-03
 -1.427031146177804e+00   6.587826870688707e-03
 -1.420443319307116e+00   6.202841548212934e-03
 -1.414240477758903e+00   5.914136959844107e-03
 -1.408326340799058e+00   5.692853806531950e-03
 -1.402633486992527e+00   5.525663123831626e-03
 -1.397107823868695e+00   5.377920386460344e-03
 -1.391729903482235e+00   5.545050252067529e-03
 -1.386184853230167e+00   6.433579494748987e-03
 -1.379751273735418e+00   8.024433978057077e-03
 -1.371726839757361e+00   1.031395058526186e-02
 -1.361412889172099e+00   1.330943489977399e-02
 -1.348103454272325e+00   1.698330112764723e-02
 -1.331120153144678e+00   2.057822794096298e-02
 -1.310541925203715e+00   2.576568880735186e-02
 -1.284776236396363e+00   3.082343812154531e-02
 -1.253952798274818e+00   3.584825082656895e-02
 -1.218104547448249e+00   4.023860990682016e-02
 -1.177865937541429e+00   5.923560039412434e-02
 -1.118630337147304e+00   3.624303741476331e-02
 -1.082387299732541e+00   1.253229818644025e-01
 -9.570643178681385e-01   2.261845781357464e-01
 -7.308797397323921e-01   2.261845781357452e-01
 -5.046951615966468e-01   2.342118784301923e-01
 -2.704832831664545e-01   1.974544007244086e-01
 -7.302888244204597e-02   8.386744537971391e-02
  1.083856293766794e-02   8.567840419667139e-02
  9.651696713433933e-02   1.503885973494001e-01
  2.469055644837395e-01   2.822092245950659e-01
  5.291147890788054e-01   3.018464948086246e-01
  8.309612838874300e-01   1.433926527348468e-01
  9.743539366222768e-01   5.578861375745936e-02
  1.030142550379736e+00   3.813436146745297e-02
  1.068276911847189e+00   7.157054127678797e-02
  1.139847453123977e+00   3.527819777848795e-02
  1.175125650902465e+00   3.068545626595065e-02
  1.205811107168416e+00   2.642466459977033e-02
  1.232235771768186e+00   2.370244319705517e-02
  1.255938214965241e+00   2.171881907816764e-02
  1.277657034043409e+00   2.053463860733618e-02
  1.298191672650745e+00   1.932273593619094e-02
  1.317514408586936e+00   1.807292950916706e-02
  1.335587338096103e+00   1.681203804123799e-02
  1.352399376137341e+00   1.564749116380670e-02
  1.368046867301148e+00   1.451702890654993e-02
  1.382563896207698e+00   1.348607912403210e-02
  1.396049975331730e+00   1.264257460410545e-02
  1.408692549935835e+00   1.211977956721744e-02
  1.420812329503053e+00   1.329121102840403e-02
  1.434103540531457e+00   1.794289553539685e-02
  1.452046436066853e+00   4.049141242599519e-02
  1.492537848492849e+00   5.267292999913642e-02
  1.545210778491985e+00   1.008400619201659e-01
  1.646050840412151e+00   3.539491595878490e-01
  2.000000000000000e+00   0.000000000000000e+00
Zone t="        19"
i=  65
 -2.000000000000000e+00   3.099007370932210e-01
 -1.690099262906779e+00   1.016375913800662e-01
 -1.588461671526713e+00   4.335244314296416e-02
 -1.545109228383749e+00   2.616923379283653e-02
 -1.518939994590912e+00   2.442226586719598e-02
 -1.494517728723716e+00   1.825144076400109e-02
 -1.476266287959715e+00   1.415123534008966e-02
 -1.462115052619625e+00   1.116184329416181e-02
 -1.450953209325464e+00   9.079829845697329e-03
 -1.441873379479766e+00   7.755964630313139e-03
 -1.434117414849453e+00   7.086268671648854e-03
 -1.427031146177804e+00   6.587826870688707e-03
 -1.420443319307116e+00   6.202841548212934e-03
 -1.414240477758903e+00   5.914136959844107e-03
 -1.408326340799058e+00   5.692853806531950e-03
 -1.402633486992527e+00   5.525663123831626e-03
 -1.397107823868695e+00   5.377920386460344e-03
 -1.391729903482235e+00   5.545050252067529e-03
 -1.386184853230167e+00   6.433579494748987e-03
 -1.379751273735418e+00   8.024433978057077e-03
 -1.371726839757361e+00   1.031395058526186e-02
 -1.361412889172099e+00   1.330943489977399e-02
 -1.348103454272325e+00   1.698330112764723e-02
 -1.331120153144678e+00   2.057822794096298e-02
 -1.310541925203715e+00   2.576568880735186e-02
 -1.284776236396363e+00   3.082343812154531e-02
 -1.253952798274818e+00   3.584825082656895e-02
 -1.218104547448249e+00   4.023860990682016e-02
 -1.177865937541429e+00   5.923560039412434e-02
 -1.118630337147304e+00   3.624303741476331e-02
 -1.082387299732541e+00   1.253229818644025e-01
 -9.570643178681385e-01   2.261845781357464e-01
 -7.308797397323921e-01   2.261845781357452e-01
 -5.046951615966468e-01   2.342118784301923e-01
 -2.704832831664545e-01   1.974544007244086e-01
 -7.302888244204597e-02   8.386744537971391e-02
  1.083856293766794e-02   8.567840419667139e-02
  9.651696713433933e-02   1.503885973494001e-01
  2.469055644837395e-01   2.822092245950659e-01
  5.291147890788054e-01   3.018464948086246e-01
  8.309612838874300e-01   1.433926527348468e-01
  9.743539366222768e-01   5.578861375745936e-02
  1.030142550379736e+00   3.813436146745297e-02
  1.068276911847189e+00   7.157054127678797e-02
  1.139847453123977e+00   3.527819777848795e-02
  1.175125650902465e+00   3.068545626595065e-02
  1.205811107168416e+00   2.642466459977033e-02
  1.232235771768186e+00   2.370244319705517e-02
  1.255938214965241e+00   2.171881907816764e-02
  1.277657034043409e+00   2.053463860733618e-02
  1.298191672650745e+00   1.932273593619094e-02
  1.317514408586936e+00   1.807292950916706e-02
  1.335587338096103e+00   1.681203804123799e-02
  1.352399376137341e+00   1.564749116380670e-02
  1.368046867301148e+00   1.451702890654993e-02
  1.382563896207698e+00   1.348607912403210e-02
  1.396049975331730e+00   1.264257460410545e-02
  1.408692549935835e+00   1.211977956721744e-02
  1.420812329503053e+00   1.329121102840403e-02
  1.434103540531457e+00   1.794289553539685e-02
  1.452046436066853e+00   4.049141242599519e-02
  1.492537848492849e+00   5.267292999913642e-02
  1.545210778491985e+00   1.008400619201659e-01
  1.646050840412151e+00   3.539491595878490e-01
  2.000000000000000e+00   0.000000000000000e+00
Zone t="        19"
i=  65
 -2.000000000000000e+00   3.099007370932210e-01
 -1.690099262906779e+00   1.016375913800662e-01
 -1.588461671526713e+00   4.335244314296416e-02
 -1.545109228383749e+00   2.616923379283653e-02
 -1.518939994590912e+00   2.442226586719598e-02
 -1.494517728723716e+00   1.825144076400109e-02
 -1.476266287959715e+00   1.415123534008966e-02
 -1.462115052619625e+00   1.116184329416181e-02
 -1.450953209325464e+00   9.079829845697329e-03
 -1.441873379479766e+00   7.755964630313139e-03
 -1.434117414849453e+00   7.086268671648854e-03
 -1.427031146177804e+00   6.587826870688707e-03
 -1.420443319307116e+00   6.202841548212934e-03
 -1.414240477758903e+00   5.914136959844107e-03
 -1.408326340799058e+00   5.692853806531950e-03
 -1.402633486992527e+00   5.525663123831626e-03
 -1.397107823868695e+00   5.377920386460344e-03
 -1.391729903482235e+00   5.545050252067529e-03
 -1.386184853230167e+00   6.433579494748987e-03
 -1.379751273735418e+00   8.024433978057077e-03
 -1.371726839757361e+00   1.031395058526186e-02
 -1.361412889172099e+00   1.330943489977399e-02
 -1.348103454272325e+00   1.698330112764723e-02
 -1.331120153144678e+00   2.057822794096298e-02
 -1.310541925203715e+00   2.576568880735186e-02
 -1.284776236396363e+00   3.082343812154531e-02
 -1.253952798274818e+00   3.584825082656895e-02
 -1.218104547448249e+00   4.023860990682016e-02
 -1.177865937541429e+00   5.923560039412434e-02
 -1.118630337147304e+00   3.624303741476331e-02
 -1.082387299732541e+00   1.253229818644025e-01
 -9.570643178681385e-01   2.261845781357464e-01
 -7.308797397323921e-01   2.261845781357452e-01
 -5.046951615966468e-01   2.342118784301923e-01
 -2.704832831664545e-01   1.974544007244086e-01
 -7.302888244204597e-02   8.386744537971391e-02
  1.083856293766794e-02   8.567840419667139e-02
  9.651696713433933e-02   1.503885973494001e-01
  2.469055644837395e-01   2.822092245950659e-01
  5.291147890788054e-01   3.018464948086246e-01
  8.309612838874300e-01   1.433926527348468e-01
  9.743539366222768e-01   5.578861375745936e-02
  1.030142550379736e+00   3.813436146745297e-02
  1.068276911847189e+00   7.157054127678797e-02
  1.139847453123977e+00   3.527819777848795e-02
  1.175125650902465e+00   3.068545626595065e-02
  1.205811107168416e+00   2.642466459977033e-02
  1.232235771768186e+00   2.370244319705517e-02
  1.255938214965241e+00   2.171881907816764e-02
  1.277657034043409e+00   2.053463860733618e-02
  1.298191672650745e+00   1.932273593619094e-02
  1.317514408586936e+00   1.807292950916706e-02
  1.335587338096103e+00   1.681203804123799e-02
  1.352399376137341e+00   1.564749116380670e-02
  1.368046867301148e+00   1.451702890654993e-02
  1.382563896207698e+00   1.348607912403210e-02
  1.396049975331730e+00   1.264257460410545e-02
  1.408692549935835e+00   1.211977956721744e-02
  1.420812329503053e+00   1.329121102840403e-02
  1.434103540531457e+00   1.794289553539685e-02
  1.452046436066853e+00   4.049141242599519e-02
  1.492537848492849e+00   5.267292999913642e-02
  1.545210778491985e+00   1.008400619201659e-01
  1.646050840412151e+00   3.539491595878490e-01
  2.000000000000000e+00   0.000000000000000e+00
Zone t="         0"
i=  65
 -2.000000000000000e+00   3.099007370932210e-01
 -1.690099262906779e+00   1.016375913800662e-01
 -1.588461671526713e+00   4.335244314296416e-02
 -1.545109228383749e+00   2.616923379283653e-02
 -1.518939994590912e+00   2.442226586719598e-02
 -1.494517728723716e+00   1.825144076400109e-02
 -1.476266287959715e+00   1.415123534008966e-02
 -1.462115052619625e+00   1.116184329416181e-02
 -1.450953209325464e+00   9.079829845697329e-03
 -1.441873379479766e+00   7.755964630313139e-03
 -1.434117414849453e+00   7.086268671648854e-03
 -1.427031146177804e+00   6.587826870688707e-03
 -1.420443319307116e+00   6.202841548212934e-03
 -1.414240477758903e+00   5.914136959844107e-03
 -1.408326340799058e+00   5.692853806531950e-03
 -1.402633486992527e+00   5.525663123831626e-03
 -1.397107823868695e+00   5.377920386460344e-03
 -1.391729903482235e+00   5.545050252067529e-03
 -1.386184853230167e+00   6.433579494748987e-03
 -1.379751273735418e+00   8.024433978057077e-03
 -1.371726839757361e+00   1.031395058526186e-02
 -1.361412889172099e+00   1.330943489977399e-02
 -1.348103454272325e+00   1.698330112764723e-02
 -1.331120153144678e+00   2.057822794096298e-02
 -1.310541925203715e+00   2.576568880735186e-02
 -1.284776236396363e+00   3.082343812154531e-02
 -1.253952798274818e+00   3.584825082656895e-02
 -1.218104547448249e+00   4.023860990682016e-02
 -1.177865937541429e+00   5.923560039412434e-02
 -1.118630337147304e+00   3.624303741476331e-02
 -1.082387299732541e+00   1.253229818644025e-01
 -9.570643178681385e-01   2.261845781357464e-01
 -7.308797397323921e-01   2.261845781357452e-01
 -5.046951615966468e-01   2.342118784301923e-01
 -2.704832831664545e-01   1.974544007244086e-01
 -7.302888244204597e-02   8.386744537971391e-02
  1.083856293766794e-02   8.567840419667139e-02
  9.651696713433933e-02   1.503885973494001e-01
  2.469055644837395e-01   2.822092245950659e-01
  5.291147890788054e-01   3.018464948086246e-01
  8.309612838874300e-01   1.433926527348468e-01
  9.743539366222768e-01   5.578861375745936e-02
  1.030142550379736e+00   3.813436146745297e-02
  1.068276911847189e+00   7.157054127678797e-02
  1.139847453123977e+00   3.527819777848795e-02
  1.175125650902465e+00   3.068545626595065e-02
  1.205811107168416e+00   2.642466459977033e-02
  1.232235771768186e+00   2.370244319705517e-02
  1.255938214965241e+00   2.171881907816764e-02
  1.277657034043409e+00   2.053463860733618e-02
  1.298191672650745e+00   1.932273593619094e-02
  1.317514408586936e+00   1.807292950916706e-02
  1.335587338096103e+00   1.681203804123799e-02
  1.352399376137341e+00   1.564749116380670e-02
  1.368046867301148e+00   1.451702890654993e-02
  1.382563896207698e+00   1.348607912403210e-02
  1.396049975331730e+00   1.264257460410545e-02
  1.408692549935835e+00   1.211977956721744e-02
  1.420812329503053e+00   1.329121102840403e-02
  1.434103540531457e+00   1.794289553539685e-02
  1.452046436066853e+00   4.049141242599519e-02
  1.492537848492849e+00   5.267292999913642e-02
  1.545210778491985e+00   1.008400619201659e-01
  1.646050840412151e+00   3.539491595878490e-01
  2.000000000000000e+00   0.000000000000000e+00
Zone t="         0"
i=  65
 -2.000000000000000e+00   3.099007370932210e-01
 -1.690099262906779e+00   1.016375913800662e-01
 -1.588461671526713e+00   4.335244314296416e-02
 -1.545109228383749e+00   2.616923379283653e-02
 -1.518939994590912e+00   2.442226586719598e-02
 -1.494517728723716e+00   1.825144076400109e-02
 -1.476266287959715e+00   1.415123534008966e-02
 -1.462115052619625e+00   1.116184329416181e-02
 -1.450953209325464e+00   9.079829845697329e-03
 -1.441873379479766e+00   7.755964630313139e-03
 -1.434117414849453e+00   7.086268671648854e-03
 -1.427031146177804e+00   6.587826870688707e-03
 -1.420443319307116e+00   6.202841548212934e-03
 -1.414240477758903e+00   5.914136959844107e-03
 -1.408326340799058e+00   5.692853806531950e-03
 -1.402633486992527e+00   5.525663123831626e-03
 -1.397107823868695e+00   5.377920386460344e-03
 -1.391729903482235e+00   5.545050252067529e-03
 -1.386184853230167e+00   6.433579494748987e-03
 -1.379751273735418e+00   8.024433978057077e-03
 -1.371726839757361e+00   1.031395058526186e-02
 -1.361412889172099e+00   1.330943489977399e-02
 -1.348103454272325e+00   1.698330112764723e-02
 -1.331120153144678e+00   2.057822794096298e-02
 -1.310541925203715e+00   2.576568880735186e-02
 -1.284776236396363e+00   3.082343812154531e-02
 -1.253952798274818e+00   3.584825082656895e-02
 -1.218104547448249e+00   4.023860990682016e-02
 -1.177865937541429e+00   5.923560039412434e-02
 -1.118630337147304e+00   3.624303741476331e-02
 -1.082387299732541e+00   1.253229818644025e-01
 -9.570643178681385e-01   2.261845781357464e-01
 -7.308797397323921e-01   2.261845781357452e-01
 -5.046951615966468e-01   2.342118784301923e-01
 -2.704832831664545e-01   1.974544007244086e-01
 -7.302888244204597e-02   8.386744537971391e-02
  1.083856293766794e-02   8.567840419667139e-02
  9.651696713433933e-02   1.503885973494001e-01
  2.469055644837395e-01   2.822092245950659e-01
  5.291147890788054e-01   3.018464948086246e-01
  8.309612838874300e-01   1.433926527348468e-01
  9.743539366222768e-01   5.578861375745936e-02
  1.030142550379736e+00   3.813436146745297e-02
  1.068276911847189e+00   7.157054127678797e-02
  1.139847453123977e+00   3.527819777848795e-02
  1.175125650902465e+00   3.068545626595065e-02
  1.205811107168416e+00   2.642466459977033e-02
  1.232235771768186e+00   2.370244319705517e-02
  1.255938214965241e+00   2.171881907816764e-02
  1.277657034043409e+00   2.053463860733618e-02
  1.298191672650745e+00   1.932273593619094e-02
  1.317514408586936e+00   1.807292950916706e-02
  1.335587338096103e+00   1.681203804123799e-02
  1.352399376137341e+00   1.564749116380670e-02
  1.368046867301148e+00   1.451702890654993e-02
  1.382563896207698e+00   1.348607912403210e-02
  1.396049975331730e+00   1.264257460410545e-02
  1.408692549935835e+00   1.211977956721744e-02
  1.420812329503053e+00   1.329121102840403e-02
  1.434103540531457e+00   1.794289553539685e-02
  1.452046436066853e+00   4.049141242599519e-02
  1.492537848492849e+00   5.267292999913642e-02
  1.545210778491985e+00   1.008400619201659e-01
  1.646050840412151e+00   3.539491595878490e-01
  2.000000000000000e+00   0.000000000000000e+00
Zone t="         1"
i=  65
 -2.000000000000000e+00   3.099007370932210e-01
 -1.690099262906779e+00   1.016375913800662e-01
 -1.588461671526713e+00   4.335244314296416e-02
 -1.545109228383749e+00   2.616923379283653e-02
 -1.518939994590912e+00   2.442226586719598e-02
 -1.494517728723716e+00   1.825144076400109e-02
 -1.476266287959715e+00   1.415123534008966e-02
 -1.462115052619625e+00   1.116184329416181e-02
 -1.450953209325464e+00   9.079829845697329e-03
 -1.441873379479766e+00   7.755964630313139e-03
 -1.434117414849453e+00   7.086268671648854e-03
 -1.427031146177804e+00   6.587826870688707e-03
 -1.420443319307116e+00   6.202841548212934e-03
 -1.414240477758903e+00   5.914136959844107e-03
 -1.408326340799058e+00   5.692853806531950e-03
 -1.402633486992527e+00   5.525663123831626e-03
 -1.397107823868695e+00   5.377920386460344e-03
 -1.391729903482235e+00   5.545050252067529e-03
 -1.386184853230167e+00   6.433579494748987e-03
 -1.379751273735418e+00   8.024433978057077e-03
 -1.371726839757361e+00   1.031395058526186e-02
 -1.361412889172099e+00   1.330943489977399e-02
 -1.348103454272325e+00   1.698330112764723e-02
 -1.331120153144678e+00   2.057822794096298e-02
 -1.310541925203715e+00   2.576568880735186e-02
 -1.284776236396363e+00   3.082343812154531e-02
 -1.253952798274818e+00   3.584825082656895e-02
 -1.218104547448249e+00   4.023860990682016e-02
 -1.177865937541429e+00   5.923560039412434e-02
 -1.118630337147304e+00   3.624303741476331e-02
 -1.082387299732541e+00   1.253229818644025e-01
 -9.570643178681385e-01   2.261845781357464e-01
 -7.308797397323921e-01   2.261845781357452e-01
 -5.046951615966468e-01   2.342118784301923e-01
 -2.704832831664545e-01   1.974544007244086e-01
 -7.302888244204597e-02   8.386744537971391e-02
  1.083856293766794e-02   8.567840419667139e-02
  9.651696713433933e-02   1.503885973494001e-01
  2.469055644837395e-01   2.822092245950659e-01
  5.291147890788054e-01   3.018464948086246e-01
  8.309612838874300e-01   1.433926527348468e-01
  9.743539366222768e-01   5.578861375745936e-02
  1.030142550379736e+00   3.813436146745297e-02
  1.068276911847189e+00   7.157054127678797e-02
  1.139847453123977e+00   3.527819777848795e-02
  1.175125650902465e+00   3.068545626595065e-02
  1.205811107168416e+00   2.642466459977033e-02
  1.232235771768186e+00   2.370244319705517e-02
  1.255938214965241e+00   2.171881907816764e-02
  1.277657034043409e+00   2.053463860733618e-02
  1.298191672650745e+00   1.932273593619094e-02
  1.317514408586936e+00   1.807292950916706e-02
  1.335587338096103e+00   1.681203804123799e-02
  1.352399376137341e+00   1.564749116380670e-02
  1.368046867301148e+00   1.451702890654993e-02
  1.382563896207698e+00   1.348607912403210e-02
  1.396049975331730e+00   1.264257460410545e-02
  1.408692549935835e+00   1.211977956721744e-02
  1.420812329503053e+00   1.329121102840403e-02
  1.434103540531457e+00   1.794289553539685e-02
  1.452046436066853e+00   4.049141242599519e-02
  1.492537848492849e+00   5.267292999913642e-02
  1.545210778491985e+00   1.008400619201659e-01
  1.646050840412151e+00   3.539491595878490e-01
  2.000000000000000e+00   0.000000000000000e+00
Zone t="         1"
i=  65
 -2.000000000000000e+00   3.099007370932210e-01
 -1.690099262906779e+00   1.016375913800662e-01
 -1.588461671526713e+00   4.335244314296416e-02
 -1.545109228383749e+00   2.616923379283653e-02
 -1.518939994590912e+00   2.442226586719598e-02
 -1.494517728723716e+00   1.825144076400109e-02
 -1.476266287959715e+00   1.415123534008966e-02
 -1.462115052619625e+00   1.116184329416181e-02
 -1.450953209325464e+00   9.079829845697329e-03
 -1.441873379479766e+00   7.755964630313139e-03
 -1.434117414849453e+00   7.086268671648854e-03
 -1.427031146177804e+00   6.587826870688707e-03
 -1.420443319307116e+00   6.202841548212934e-03
 -1.414240477758903e+00   5.914136959844107e-03
 -1.408326340799058e+00   5.692853806531950e-03
 -1.402633486992527e+00   5.525663123831626e-03
 -1.397107823868695e+00   5.377920386460344e-03
 -1.391729903482235e+00   5.545050252067529e-03
 -1.386184853230167e+00   6.433579494748987e-03
 -1.379751273735418e+00   8.024433978057077e-03
 -1.371726839757361e+00   1.031395058526186e-02
 -1.361412889172099e+00   1.330943489977399e-02
 -1.348103454272325e+00   1.698330112764723e-02
 -1.331120153144678e+00   2.057822794096298e-02
 -1.310541925203715e+00   2.576568880735186e-02
 -1.284776236396363e+00   3.082343812154531e-02
 -1.253952798274818e+00   3.584825082656895e-02
 -1.218104547448249e+00   4.023860990682016e-02
 -1.177865937541429e+00   5.923560039412434e-02
 -1.118630337147304e+00   3.624303741476331e-02
 -1.082387299732541e+00   1.253229818644025e-01
 -9.570643178681385e-01   2.261845781357464e-01
 -7.308797397323921e-01   2.261845781357452e-01
 -5.046951615966468e-01   2.342118784301923e-01
 -2.704832831664545e-01   1.974544007244086e-01
 -7.302888244204597e-02   8.386744537971391e-02
  1.083856293766794e-02   8.567840419667139e-02
  9.651696713433933e-02   1.503885973494001e-01
  2.469055644837395e-01   2.822092245950659e-01
  5.291147890788054e-01   3.018464948086246e-01
  8.309612838874300e-01   1.433926527348468e-01
  9.743539366222768e-01   5.578861375745936e-02
  1.030142550379736e+00   3.813436146745297e-02
  1.068276911847189e+00   7.157054127678797e-02
  1.139847453123977e+00   3.527819777848795e-02
  1.175125650902465e+00   3.068545626595065e-02
  1.205811107168416e+00   2.642466459977033e-02
  1.232235771768186e+00   2.370244319705517e-02
  1.255938214965241e+00   2.171881907816764e-02
  1.277657034043409e+00   2.053463860733618e-02
  1.298191672650745e+00   1.932273593619094e-02
  1.317514408586936e+00   1.807292950916706e-02
  1.335587338096103e+00   1.681203804123799e-02
  1.352399376137341e+00   1.564749116380670e-02
  1.368046867301148e+00   1.451702890654993e-02
  1.382563896207698e+00   1.348607912403210e-02
  1.396049975331730e+00   1.264257460410545e-02
  1.408692549935835e+00   1.211977956721744e-02
  1.420812329503053e+00   1.329121102840403e-02
  1.434103540531457e+00   1.794289553539685e-02
  1.452046436066853e+00   4.049141242599519e-02
  1.492537848492849e+00   5.267292999913642e-02
  1.545210778491985e+00   1.008400619201659e-01
  1.646050840412151e+00   3.539491595878490e-01
  2.000000000000000e+00   0.000000000000000e+00
