64
-2.000000000000000
-1.690099262906779
-1.588461671526713
-1.545109228383749
-1.518939994590912
-1.494517728723716
-1.476266287959715
-1.462115052619625
-1.450953209325464
-1.441873379479766
-1.434117414849453
-1.427031146177804
-1.420443319307116
-1.414240477758903
-1.408326340799058
-1.402633486992527
-1.397107823868695
-1.391729903482235
-1.386184853230167
-1.379751273735418
-1.371726839757361
-1.361412889172099
-1.348103454272325
-1.331120153144678
-1.310541925203715
-1.284776236396363
-1.253952798274818
-1.218104547448249
-1.177865937541429
-1.118630337147304
-1.082387299732541
-0.957064317868139
-0.730879739732392
-0.504695161596647
-0.270483283166454
-0.073028882442046
0.010838562937668
0.096516967134339
0.246905564483739
0.529114789078805
0.830961283887430
0.974353936622277
1.030142550379736
1.068276911847189
1.139847453123977
1.175125650902465
1.205811107168416
1.232235771768186
1.255938214965241
1.277657034043409
1.298191672650745
1.317514408586936
1.335587338096103
1.352399376137341
1.368046867301148
1.382563896207698
1.396049975331730
1.408692549935835
1.420812329503053
1.434103540531457
1.452046436066853
1.492537848492849
1.545210778491985
1.646050840412151
2.000000000000000
