32
-2.000000000000000
-0.992629379232625
-0.948914965881499
-0.891276643444333
-0.824854649907967
-0.753977211635921
-0.681862791817005
-0.610800108128484
-0.542305200168838
-0.477209505113653
-0.415714594426892
-0.357458311039763
-0.301622336240504
-0.247109917020784
-0.192848761779367
-0.138308331165905
-0.084277956701488
-0.033629320900208
0.009230587971990
0.044370550528866
0.070710484875510
0.089399837007738
0.103777344435078
0.118502348242461
0.140653314673125
0.184431974096270
0.278665259388083
0.463712763047852
0.713565928729987
0.906031257398945
1.035967547246696
1.984907612346106
2.000000000000000
