64
-2.000000000000000
-1.593013167357331
-1.560171715554730
-1.559860219094218
-1.559858584478844
-1.559630999639105
-1.556432591054575
-1.556324687266402
-1.556285936404362
-1.547282622260774
-1.547278767958211
-1.544296247775763
-1.544185995374559
-1.543442596101159
-1.539207075408607
-1.531307090530195
-1.497533106720538
-1.306953742961295
-0.990287712884973
-0.933659595612844
-0.860591841252848
-0.778330972835661
-0.692763260862514
-0.608026804087396
-0.526708870131685
-0.449987254538077
-0.377786146938367
-0.309058726939547
-0.242251658792794
-0.176029616406006
-0.110391351823924
-0.048133690685290
0.002028940992212
0.046709977810175
0.085369553528434
0.115071084950733
0.135436613378985
0.148955065738758
0.159385074568488
0.170921372340172
0.190000507106000
0.230189166624991
0.318743770444896
0.490098398852269
0.719495843856996
0.904146093188037
1.040588283093275
1.143276252181586
1.200149895581379
1.213634670605974
1.225817076551967
1.246609015704936
1.256276957949944
1.268780699154199
1.268784780244127
1.289556151824411
1.299259585700381
1.300128070367756
1.312839445649236
1.348662937067592
1.397618118413953
1.397640158096273
1.415151944639843
1.415203706767548
2.000000000000000
