32
-2.000000000000000
-0.971982559942551
-0.871655117872220
-0.765395751242453
-0.661734477630345
-0.563969983772519
-0.474123507310980
-0.392868740746036
-0.319515705395603
-0.252722827287367
-0.191125518477065
-0.133152830322187
-0.075793398021974
-0.016146151665421
0.036296011780778
0.085300208224009
0.133121199907852
0.181390946706310
0.231413159872176
0.284330848112211
0.341214111568635
0.403091259252920
0.470901797035251
0.545324892357044
0.626411002171681
0.712979998364815
0.801897552167769
0.885039734974451
0.970511983520091
1.273206405649520
1.636753115164832
1.915484501236627
2.000000000000000
