64
-2.000000000000000
-1.808264256488425
-1.597969954797917
-1.334480233495597
-0.980421401006090
-0.882076346137744
-0.772784986242152
-0.658835692696883
-0.520381068161914
-0.321370927848995
-0.068850504693639
0.112392215233918
0.246371628237437
0.378606616447826
0.469497589217360
0.516740430605963
0.542128972814429
0.561212097656810
0.583307881386624
0.617693719102544
0.675842982246448
0.766814004451047
0.886299506963444
1.067389131137140
1.179203163303966
1.278092379564763
1.332326431583835
1.359297821900348
1.365487744943807
1.365560954310041
1.365640024440919
1.371100524679888
1.371856526432276
1.373560864355092
1.394675786363532
1.429977587486322
1.455988755852935
1.500773234781904
1.554673998506179
1.616712006414341
1.674485724169444
1.729589013019308
1.773738645115347
1.808691625665031
1.834690723919856
1.851646056480663
1.868680015659998
1.871399567815036
1.871557547865137
1.873901288483775
1.881249417613120
1.881432913676514
1.882129171333917
1.885302062068714
1.910344133741031
1.921886970208463
1.942540778958974
1.948599669676113
1.970300360875485
1.973243821790206
1.979815143596204
1.979816143596204
1.989313325096995
1.995772197987780
2.000000000000000
