32
-2.000000000000000
-1.992348271964215
-1.992220913891154
-1.987603030188083
-1.987594483809847
-1.857682341508915
-1.510580663121869
-0.978887729134843
-0.932065990357887
-0.877966831936580
-0.828315291399622
-0.791118622949518
-0.762810850776067
-0.726577412698750
-0.627071945258531
-0.340249798189379
0.000225080463217
0.197686868280439
0.493931088971151
0.780996523486043
0.915255410393210
0.956567423136567
0.972270499311485
0.984227393421295
1.070641025595135
1.178486943590563
1.263423672649391
1.278659319441813
1.281128955067320
1.302724597655242
1.443019618396629
1.583910290986025
2.000000000000000
