64
-2.000000000000000
-1.999998042813632
-1.999996090188251
-1.999994146695438
-1.999992216907033
-1.999990305333899
-1.999988416485930
-1.993139828686445
-1.993137999148323
-1.993136206141643
-1.993134453969887
-1.993132747160097
-1.993131090586745
-1.993129488271055
-1.993127945332958
-1.993126465610569
-1.993125053548496
-1.993123714553315
-1.993122452170653
-1.993121271948049
-1.993120073692590
-1.993117946709507
-1.954543662853167
-1.826324816651039
-1.537974646147769
-1.163574890978396
-0.514055522449350
-0.173981282391537
0.211036702668116
0.660480719336233
1.339760454631069
1.766054648867665
1.918465991203294
1.953145249795041
1.953721814481646
1.953728672805714
1.953734198952576
1.953738564304166
1.953741971272401
1.953744587507118
1.953746674888772
1.953748399363424
1.953749957480542
1.953751539214784
1.953753170965903
1.953754849248252
1.953756572778793
1.953758339120375
1.953760145238354
1.953761989526668
1.953763869013342
1.953765781388829
1.953767724732707
1.953769696642928
1.973221260417951
1.973223282397146
1.973225325885348
1.973227388250450
1.973229467378286
1.973231560828107
1.975502330377359
1.975504445315871
1.999995743875374
1.999997870753747
2.000000000000000
