64
-2.000000000000000
-1.897885890627966
-1.794151765299407
-1.685243922189665
-1.572287871831803
-1.451089508437009
-1.331387525559065
-1.213934406178835
-1.091403907085834
-0.961601151582866
-0.893281457562403
-0.830095181209531
-0.779838064694469
-0.729164728199460
-0.628248989227364
-0.353824594995948
0.000579531018322
0.202718638864600
0.536413539488628
0.841779336702643
0.961320946376848
0.993603940105185
1.139776495994564
1.381863980272966
1.526795604381777
1.610502823772286
1.651433463494753
1.673666049303480
1.698738975546965
1.743743679712839
1.857793956740495
1.907595247310648
1.944039137355104
1.964008659321115
1.976615794060239
1.984833538166976
1.994092055510696
1.996312816173161
1.996388646624884
1.996403291980151
1.996692571077436
1.996695398842086
1.996818397307969
1.997390729731646
1.997391863258516
1.997396796134661
1.997662918803770
1.997744065087273
1.997753962172838
1.997804040753179
1.997978216018860
1.998183411074465
1.998383797572549
1.998902569921305
1.998904274420617
1.998906698046427
1.998907876871694
1.999187832338481
1.999190216192940
1.999191578744691
1.999767531589050
1.999770549533974
1.999994182342341
1.999997934028060
2.000000000000000
