64
-2.000000000000000
-1.793969563556004
-1.572861469848005
-1.311196224950529
-0.980435912788544
-0.882095361112611
-0.772789224342667
-0.658832352248492
-0.520375617780727
-0.321368108582018
-0.068850546211665
0.112388102133240
0.246351443636117
0.378557764467147
0.469432631517721
0.516679843821426
0.542079488494530
0.561178568726463
0.583302781292575
0.617747726722370
0.676000495714843
0.767066801789567
0.886506274105636
1.066867785630146
1.191586541061036
1.332962876737217
1.444291962962411
1.528846723900072
1.600218961457743
1.659300785783004
1.713623589645716
1.747690427923615
1.772068713654911
1.796446999386206
1.820060281796582
1.833959411197868
1.844119660401961
1.844499111785243
1.844500111785243
1.852614399566752
1.855638959796973
1.858749279172248
1.865249957981152
1.866670255912974
1.867746634138892
1.877414781504663
1.878781324593402
1.885474038090284
1.890282712802903
1.894033714580228
1.894034714580228
1.895770597347881
1.896898761060422
1.905790501598631
1.926400875384516
1.933660708318342
1.939266603636608
1.941591558865794
1.944691292400155
1.945598149880867
1.949260946575291
1.949261946575291
1.950001350945137
1.966894042691027
2.000000000000000
