 -1.896984781778002e+00    2.060304364439955e-01   0.000000000000000e+00   0.000000000000000e+00   2.980232238769531e-08
 -1.683415516702005e+00    2.211080937079994e-01   0.000000000000000e+00   0.000000000000000e+00   0.000000000000000e+00
 -1.442028847399267e+00    2.616652448974761e-01   1.523151553328717e-06  -8.091147174127400e-04   4.352501556277275e-01
 -1.145816068869536e+00    3.307603121619851e-01   2.515355871054226e-02  -2.955097400965751e+02   5.404395990483463e+03
 -9.312656369505776e-01    9.834055167593247e-02  -6.231485736087450e-01  -1.848778109948798e+02  -1.937035980854705e+05
 -8.274422927276390e-01    1.093061367699445e-01  -4.350430499306128e-01   2.869805476702386e+02  -1.250754642987549e+05
 -7.158107882955794e-01    1.139568720941748e-01  -4.815478850626675e-01   6.249565191591028e+02  -1.277682181241959e+05
 -5.896039850146095e-01    1.384567344677649e-01  -7.569608005791792e-01   5.675037284806822e+02  -2.119666922788247e+05
 -4.208718631813727e-01    1.990075091987090e-01   6.495518705859524e-01  -1.726759711719467e+03   1.781877225422114e+04
 -1.951093273968415e-01    2.525175623703533e-01   1.361230777467227e+00   1.500746572070420e+02   2.209700589941591e+05
  2.176877796078756e-02    1.812386483449049e-01  -7.420279902563607e-01   1.054020465312287e+03   5.473937635757029e+04
  1.793697728846787e-01    1.339633415028774e-01   6.808598862528470e-01  -5.557754959323584e+02   4.867100454593450e+04
  3.124546040516324e-01    1.322063208310300e-01   1.110321562376271e-01  -1.020311623730195e+02   3.117030288299173e+04
  4.239951979924343e-01    9.087486705057385e-02  -1.402703210283676e-01  -7.555298053389834e+00   8.726655896309763e+04
  4.930562376695735e-01    4.724721230370460e-02  -6.357770997692569e-02   7.472799773507859e+00   4.657581639708579e+04
  5.293796661579782e-01    2.539964467310463e-02   1.212676128710655e-02   1.701249398877951e+01   1.903584984979033e+04
  5.516290286104968e-01    1.909908023193252e-02   5.532695809657184e-02   3.437694546060811e+01   1.969196845163405e+04
  5.722406750095189e-01    2.212421256611186e-02   8.865452264601004e-02   5.279542116069206e+01   2.699356054662168e+04
  6.005252540074725e-01    3.444494542979526e-02   1.005721361871679e-01   5.925594951456867e+01   2.906639959675819e+04
  6.468741112186065e-01    5.825276899247267e-02   9.370320066534532e-02   5.432071866388435e+01   2.510405599406362e+04
  7.215336487522050e-01    9.106630607472443e-02   7.701768561165068e-02   4.543832598532697e+01   2.022296958469599e+04
  8.267865379476017e-01    1.194394723160690e-01   5.269244344438562e-02   3.634718623146557e+01   1.918868118341267e+04
  9.766870298678912e-01    1.803615115245101e-01  -2.408561956116273e-03   5.944558896953288e+01   5.428964913323522e+03
  1.129227163345591e+00    1.247187554308893e-01  -6.293858803294938e-02  -3.984643238109129e+01  -1.883519899525493e+04
  1.262274708899126e+00    1.413763356761812e-01   0.000000000000000e+00   0.000000000000000e+00   0.000000000000000e+00
  1.388627419849814e+00    1.113290862251939e-01   0.000000000000000e+00   0.000000000000000e+00   0.000000000000000e+00
  1.486569343431241e+00    8.455476093766179e-02   0.000000000000000e+00   0.000000000000000e+00   0.000000000000000e+00
  1.564532842678908e+00    7.137223755767019e-02   0.000000000000000e+00   0.000000000000000e+00   0.000000000000000e+00
  1.629759873620373e+00    5.908182432526132e-02   0.000000000000000e+00   0.000000000000000e+00   0.000000000000000e+00
  1.686462187714360e+00    5.432280386271238e-02   0.000000000000000e+00   0.000000000000000e+00   0.000000000000000e+00
  1.730657008784665e+00    3.406683827789814e-02   0.000000000000000e+00   0.000000000000000e+00   0.000000000000000e+00
  1.759879570789263e+00    2.437828573129619e-02   0.000000000000000e+00   0.000000000000000e+00   0.000000000000000e+00
  1.784257856520558e+00    2.437828573129530e-02   0.000000000000000e+00   0.000000000000000e+00   0.000000000000000e+00
  1.808253640591394e+00    2.361328241037586e-02   0.000000000000000e+00   0.000000000000000e+00   0.000000000000000e+00
  1.827009846497225e+00    1.389912940128646e-02   0.000000000000000e+00   0.000000000000000e+00   0.000000000000000e+00
  1.839039535799915e+00    1.016024920409264e-02   0.000000000000000e+00   0.000000000000000e+00   0.000000000000000e+00
  1.844309386093602e+00    3.794513832817703e-04   0.000000000000000e+00   0.000000000000000e+00   0.000000000000000e+00
  1.844499611785243e+00    9.999999999177334e-07   0.000000000000000e+00   0.000000000000000e+00   0.000000000000000e+00
  1.848557255675997e+00    8.114287781509244e-03   0.000000000000000e+00   0.000000000000000e+00   0.000000000000000e+00
  1.854126679681863e+00    3.024560230221240e-03   0.000000000000000e+00   0.000000000000000e+00   0.000000000000000e+00
  1.857194119484611e+00    3.110319375275283e-03   0.000000000000000e+00   0.000000000000000e+00   0.000000000000000e+00
  1.861999618576700e+00    6.500678808903260e-03   0.000000000000000e+00   0.000000000000000e+00   0.000000000000000e+00
  1.865960106947063e+00    1.420297931821857e-03   0.000000000000000e+00   0.000000000000000e+00   0.000000000000000e+00
  1.867208445025933e+00    1.076378225918218e-03   0.000000000000000e+00   0.000000000000000e+00   0.000000000000000e+00
  1.872580707821778e+00    9.668147365771596e-03   0.000000000000000e+00   0.000000000000000e+00   0.000000000000000e+00
  1.878098053049033e+00    1.366543088739069e-03   0.000000000000000e+00   0.000000000000000e+00   0.000000000000000e+00
  1.882127681341843e+00    6.692713496881497e-03   0.000000000000000e+00   0.000000000000000e+00   0.000000000000000e+00
  1.887878375446593e+00    4.808674712618810e-03   0.000000000000000e+00   0.000000000000000e+00   0.000000000000000e+00
  1.892158213691566e+00    3.751001777325458e-03   0.000000000000000e+00   0.000000000000000e+00   0.000000000000000e+00
  1.894034214580228e+00    9.999999996956888e-07   0.000000000000000e+00   0.000000000000000e+00   0.000000000000000e+00
  1.894902655964054e+00    1.735882767653019e-03   0.000000000000000e+00   0.000000000000000e+00   0.000000000000000e+00
  1.896334679204152e+00    1.128163712541097e-03   0.000000000000000e+00   0.000000000000000e+00   0.000000000000000e+00
  1.901344631329527e+00    8.891740538209403e-03   0.000000000000000e+00   0.000000000000000e+00   0.000000000000000e+00
  1.916095688491574e+00    2.061037378588471e-02   0.000000000000000e+00   0.000000000000000e+00   0.000000000000000e+00
  1.930030791851429e+00    7.259832933826260e-03   0.000000000000000e+00   0.000000000000000e+00   0.000000000000000e+00
  1.936463655977475e+00    5.605895318265386e-03   0.000000000000000e+00   0.000000000000000e+00   0.000000000000000e+00
  1.940429081251201e+00    2.324955229186632e-03   0.000000000000000e+00   0.000000000000000e+00   0.000000000000000e+00
  1.943141425632975e+00    3.099733534360993e-03   0.000000000000000e+00   0.000000000000000e+00   0.000000000000000e+00
  1.945144721140511e+00    9.068574807116203e-04   0.000000000000000e+00   0.000000000000000e+00   0.000000000000000e+00
  1.947429548228079e+00    3.662796694424264e-03   0.000000000000000e+00   0.000000000000000e+00   0.000000000000000e+00
  1.949261446575291e+00    9.999999999177334e-07   0.000000000000000e+00   0.000000000000000e+00   0.000000000000000e+00
  1.949631648760214e+00    7.394043698460973e-04   0.000000000000000e+00   0.000000000000000e+00   0.000000000000000e+00
  1.958447696818082e+00    1.689269174588981e-02   0.000000000000000e+00   0.000000000000000e+00   0.000000000000000e+00
  1.983447021345514e+00    3.310595730897292e-02   0.000000000000000e+00   0.000000000000000e+00   0.000000000000000e+00
