32
-2.000000000000000
-1.999834806866783
-1.999661061680027
-1.999658266470896
-1.999487665833207
-1.988149324342676
-1.929178124424251
-1.832771158431861
-1.605931586468192
-1.313937351507692
-0.973947736088203
-0.833872795258159
-0.668789379991389
-0.491091524250940
-0.314690225582062
-0.161499070605933
-0.052559006651722
0.032238508109103
0.075417371861864
0.142587642846582
0.231663765316809
0.337762280313090
0.455837623684233
0.583952220396988
0.720898072880634
0.858315725732903
0.975918393777210
1.140467334144262
1.297769185417105
1.459786888253010
1.633655262978731
1.814911401056190
2.000000000000000
