64
-2.000000000000000
-1.697837722930928
-1.419957713393826
-1.189408075677926
-1.028163663567191
-0.958428225311261
-0.894577787625006
-0.835409191034031
-0.783616236068181
-0.717984652216294
-0.571408664119144
-0.272187429972510
-0.001552039276841
0.041808506638293
0.075646055873636
0.122400882611032
0.204638005746721
0.355341033112520
0.580448132730635
0.785667969448997
0.899529899326767
0.946937670888061
0.968648204985158
0.985413920997424
1.295358353496717
1.537909761133233
1.661121166366727
1.730924383299025
1.762934889538881
1.786942728582767
1.884773731081954
1.897230831649033
1.903538078748719
1.927930058119003
1.950208425058573
1.959783898061549
1.964043349063650
1.964993644370140
1.965920367457892
1.967863373283538
1.972404348081396
1.974794045524216
1.977120201116688
1.982894858832834
1.989093394238185
1.994035483538865
1.996942754281940
1.999494627664336
1.999935938669533
1.999938043304709
1.999979561517639
1.999980851654270
1.999982426343974
1.999983700887672
1.999985296103385
1.999986950818746
1.999988704152223
1.999990110264202
1.999991459960230
1.999992897675840
1.999994318020621
1.999995681970227
1.999997042629616
1.999998659362809
2.000000000000000
