 -1.9743430671458995       0.11668889438289905     
  -1.8696945375749050       0.11668889438289903     
  -1.7004604888933199       0.11668889438289902     
  -1.4958561529858985       0.11668889438289903     
  -1.2912518170784770       0.11668889438289902     
  -1.1220177683968919       0.11668889438289903     
  -1.0173692388258975       0.11668889438289902     
 -0.99122678737410708       0.11670691841378160     
 -0.98924647243870312       0.11671597488345906     
 -0.98604397436675784       0.11673451063246634     
 -0.98217214717619050       0.11676334329122524     
 -0.97830031998562317       0.11679921247797226     
 -0.97509782191367789       0.11683420342116987     
 -0.97311750697827393       0.11685825426793979     
 -0.97203710911080976       0.11687215389324056     
 -0.96961073799279074       0.11690537378256660     
 -0.96568689300815735       0.11696497051024100     
 -0.96094295581857248       0.11704673463623386     
 -0.95619901862898760       0.11713915436364759     
 -0.95227517364435421       0.11722367039823069     
 -0.94984880252633519       0.11727959830992826     
 -0.94867022830806391       0.11730777714051199     
 -0.94628947537763430       0.11736672182487720     
 -0.94243940257700498       0.11746778197922733     
 -0.93778465611962902       0.11759945866332429     
 -0.93312990966225307       0.11774156758654172     
 -0.92927983686162374       0.11786702463767371     
 -0.92689908393119413       0.11794820122765606     
 -0.92587441982456820       0.11798398771403898     
 -0.92407581146219087       0.11804804127475725     
 -0.92116716309029778       0.11815496869216593     
 -0.91765060083136896       0.11828977626334679     
 -0.91413403857244013       0.11843066232521178     
 -0.91122539020054705       0.11855180440697306     
 -0.90942678183816972       0.11862881056970141     
 -0.90870766804428338       0.11866004817851937     
 -0.90757318219963401       0.11870985175756441     
 -0.90573853021313178       0.11879174835116980     
 -0.90352043193891396       0.11889300423575570     
 -0.90130233366469614       0.11899672193633244     
 -0.89946768167819391       0.11908437535553001     
 -0.89833319583354454       0.11913942441881460     
 -0.89782592891655111       0.11916424851544045     
 -0.89689139360168613       0.11921032168476774     
 -0.89538009482263137       0.11928576331680248     
 -0.89355293128518043       0.11937851639020491     
 -0.89172576774772949       0.11947296382535087     
 -0.89021446896867473       0.11955236760618856     
 -0.88927993365380975       0.11960205096083118     
 -0.88857295127514624       0.11963993313185431     
 -0.88662387354162153       0.11974569490003269     
 -0.88347189121189607       0.11992085552443763     
 -0.87966113766442999       0.12013946702244409     
 -0.87585038411696392       0.12036561221105795     
 -0.87269840178723845       0.12055839071642650     
 -0.87074932405371375       0.12068020639468231     
 -0.86769253738927643       0.12087528625597004     
 -0.85717370902254197       0.12158458141710889     
 -0.84016301695465656       0.12285872346783953     
 -0.81959705294806451       0.12461604744271906     
 -0.79903108894147246       0.12662155363877045     
 -0.78202039687358704       0.12847721053573641     
 -0.77150156850685259       0.12971777916387595     
 -0.75950577060481994       0.13122267463739001     
 -0.72109659114547875       0.13672869574156268     
 -0.65898257030744944       0.14814876278857164     
 -0.58388658292717699       0.16712789938379244     
 -0.50879059554690453       0.19371100374675143     
 -0.44667657470887523       0.22360127038325081     
 -0.40826739524953404       0.24679990765858215     
 -0.38830009715173580       0.26058714192493354     
 -0.34526741458794963       0.29504863018672767     
 -0.27567642152045113       0.36787064377793016     
 -0.19154075832123549       0.49410200245355312     
 -0.10740509512201987       0.67614734435179058     
  -3.7814102054521348E-002  0.87498308998587371     
