32
-2.000000000000000
-1.999946323803353
-1.999942938450525
-1.996409615987334
-1.995930122486580
-1.995926758156909
-1.985869966066032
-1.856373128984883
-0.975984104210351
-0.854536858848604
-0.710821194542206
-0.561560927228312
-0.415812053496349
-0.279783179492476
-0.160766673656474
-0.067455857113200
-0.005925203714617
0.067129891445926
0.189581979286048
0.433923815428199
0.780199347403169
1.089082983589039
1.329595778707898
1.528964813360052
1.677123376006194
1.740541345712200
1.799195702975994
1.826524657341585
1.826548138991411
1.837148693485689
1.848382672695422
1.903681138799984
2.000000000000000
