32
-2.000000000000000
-1.985927251821562
-1.983059851749687
-1.938121497393158
-1.863682268580398
-1.756694801760226
-1.572536294448757
-1.307275065336616
-0.976400040800056
-0.856232030793404
-0.714523530100635
-0.566830650283372
-0.421451973576107
-0.284170946450783
-0.162500805507105
-0.066813802957341
-0.006914365457175
0.052985072042989
0.140776852746410
0.303525682600210
0.575562295545740
0.828489387190090
0.958751087199647
1.189841469194615
1.325100460886415
1.464563780070010
1.598312499302228
1.685306146861826
1.762741893599470
1.858806500581482
1.931797467174063
1.972729769015326
2.000000000000000
