   0.0000000000000000e+00
   0.0000000000000000e+00
   0.0000000000000000e+00
   0.0000000000000000e+00
   0.0000000000000000e+00
   0.0000000000000000e+00
   0.0000000000000000e+00
   0.0000000000000000e+00
   0.0000000000000000e+00
   0.0000000000000000e+00
   0.0000000000000000e+00
   0.0000000000000000e+00
   0.0000000000000000e+00
   0.0000000000000000e+00
   0.0000000000000000e+00
   0.0000000000000000e+00
   0.0000000000000000e+00
   0.0000000000000000e+00
  -4.4500995541460557e+04
  -1.1854387755037972e+05
  -2.0034698380674983e+05
  -2.7488522285113041e+05
  -3.3042700201665115e+05
  -3.6097892532019841e+05
  -3.6603039393804851e+05
  -3.4852245960000943e+05
  -3.1244160609227826e+05
  -2.6132352797330366e+05
  -1.9846897801165748e+05
  -1.2921435435031487e+05
  -6.3797351232610803e+04
  -1.5656833278808783e+04
   1.3749638156906725e+04
   3.0445036825768020e+04
   3.8363093722805330e+04
   4.1471857187904461e+04
   4.2546578218730792e+04
   4.2895972906615352e+04
   4.2964216766332887e+04
   4.2723132152508711e+04
   4.1421086509332839e+04
   3.6541189502560374e+04
   2.5340669715784392e+04
   1.2705980563429919e+04
   4.9768636546560656e+03
   6.9073968289684967e+02
   0.0000000000000000e+00
   0.0000000000000000e+00
   0.0000000000000000e+00
   0.0000000000000000e+00
   0.0000000000000000e+00
   0.0000000000000000e+00
   0.0000000000000000e+00
   0.0000000000000000e+00
   0.0000000000000000e+00
   0.0000000000000000e+00
   0.0000000000000000e+00
   0.0000000000000000e+00
   0.0000000000000000e+00
   0.0000000000000000e+00
   0.0000000000000000e+00
   0.0000000000000000e+00
   0.0000000000000000e+00
   0.0000000000000000e+00
