32
-2.000000000000000
-1.762197167584384
-1.571935917094592
-1.407984489231290
-1.271224444427880
-1.148634990715151
-1.057063182404914
-0.995868714567793
-0.947194517298132
-0.914452481000293
-0.872592755433888
-0.845369574280175
-0.797298232715655
-0.730375178095372
-0.573856618399878
-0.339263244426331
-0.086749824611925
0.110317562116783
0.294904853631100
0.594316547805233
0.851876334498012
0.970375978165752
1.095167130499007
1.182268712977117
1.256854682255319
1.327863111945576
1.349241373607371
1.414892642192959
1.539176326368638
1.770254385805470
1.902224292848009
1.915383200728459
2.000000000000000
