32
-2.000000000000000
-1.406827864636747
-1.069523455914344
-0.986215931561409
-0.958557754050771
-0.925370681214468
-0.887176392308179
-0.845241967667511
-0.802725399259098
-0.764562048919195
-0.735000501379667
-0.714257898563257
-0.697384122133522
-0.672728471359852
-0.596073439273494
-0.343871502641331
0.000319656663270
0.202135404034734
0.535290877697618
0.839148119082857
0.955032825627676
0.983108149064979
0.992356309432548
1.095429682591107
1.198519634675597
1.289456933268097
1.406552976438504
1.503139319361145
1.584384256225683
1.742358294627974
1.843002516389346
1.930400698764426
2.000000000000000
